0.00	1000.20
0.00	1000.20
0.00	1000.20
0.00	1000.20
0.00	1000.20
0.00	1000.20
0.00	1000.20
0.00	1000.20
0.00	1000.20
0.00	1000.20
0.00	1000.20
0.00	1000.20
0.00	1000.20
0.00	1000.20
0.00	1000.20
0.00	1000.20
0.00	1000.20
0.00	1000.20
0.00	1000.20
0.00	1000.20
0.00	1000.20
0.00	1000.20
0.00	1000.20
0.00	1000.20
0.00	1000.20
0.00	1000.20
0.00	1000.20
0.00	1000.20
0.00	1000.20
0.00	1000.20
0.00	1000.20
0.00	1000.20
0.00	1000.20
0.00	1000.20
0.00	1000.20
0.00	1000.20
0.00	1000.20
0.00	1000.20
0.00	1000.20
0.00	1000.20
0.00	1000.20
0.00	1000.20
0.00	1000.20
0.00	1000.20
0.00	1000.20
0.00	1000.20
0.00	1000.20
0.00	1000.20
0.00	1000.20
0.00	1000.20
0.00	1000.20
0.00	1000.20
0.00	1000.20
0.00	1000.20
0.00	1000.20
0.00	1000.20
0.00	1000.20
0.00	1000.20
0.00	1000.20
0.00	1000.20
0.00	1000.20
0.00	1000.20
0.00	1000.20
0.00	1000.20
0.00	1000.20
0.00	1000.20
0.00	1000.20
0.00	1000.20
0.00	1000.20
0.00	1000.20
0.00	1000.20
0.00	1000.20
0.00	1000.20
0.00	1000.20
0.00	1000.20
0.00	1000.20
0.00	1000.20
0.00	1000.20
0.00	1000.20
0.00	1000.20
0.00	1000.20
0.00	1000.20
0.00	1000.20
0.00	1000.20
0.00	1000.20
0.00	1000.20
0.00	1000.20
0.00	1000.20
0.00	1000.20
0.00	1000.20
0.00	1000.20
0.00	1000.20
0.00	1000.20
0.00	1000.20
0.00	1000.20
0.00	1000.20
0.00	1000.20
0.00	1000.20
0.00	1000.20
0.00	1000.20
0.02	1000.20
0.02	1000.20
0.02	1000.20
0.02	1000.20
0.02	1000.20
0.02	1000.20
0.02	1000.20
0.02	1000.20
0.02	1000.20
0.02	834.30
0.02	1000.20
0.02	1000.20
0.02	1000.20
0.02	1000.20
0.02	1000.20
0.02	1000.20
0.02	1000.20
0.02	1000.20
0.02	1000.20
0.02	1000.20
0.02	1000.20
0.02	915.00
0.02	1000.20
0.02	1000.20
0.02	1000.20
0.02	529.20
0.02	1000.20
0.02	637.50
0.02	1000.20
0.02	1000.20
0.02	1000.20
0.02	1000.20
0.02	1000.20
0.02	1000.20
0.02	1000.20
0.02	1000.20
0.02	538.20
0.02	1000.20
0.02	1000.20
0.02	1000.20
0.02	1000.20
0.02	1000.20
0.02	1000.20
0.02	1000.20
0.02	1000.20
0.02	1000.20
0.02	1000.20
0.02	705.30
0.02	1000.20
0.02	1000.20
0.02	1000.20
0.02	1000.20
0.02	1000.20
0.02	1000.20
0.02	1000.20
0.02	1000.20
0.02	1000.20
0.02	1000.20
0.02	1000.20
0.02	1000.20
0.02	1000.20
0.02	1000.20
0.02	775.80
0.02	511.80
0.02	1000.20
0.02	1000.20
0.02	1000.20
0.02	1000.20
0.02	1000.20
0.02	1000.20
0.02	1000.20
0.02	1000.20
0.02	1000.20
0.02	792.00
0.02	1000.20
0.02	1000.20
0.02	1000.20
0.02	1000.20
0.02	1000.20
0.02	1000.20
0.02	1000.20
0.02	1000.20
0.02	1000.20
0.02	1000.20
0.02	1000.20
0.02	1000.20
0.02	1000.20
0.02	1000.20
0.02	1000.20
0.02	1000.20
0.02	1000.20
0.02	1000.20
0.02	758.70
0.02	1000.20
0.02	1000.20
0.02	623.10
0.02	1000.20
0.02	1000.20
0.02	1000.20
0.02	1000.20
0.04	491.10
0.04	589.80
0.04	1000.20
0.04	1000.20
0.04	434.40
0.04	601.50
0.04	363.90
0.04	851.40
0.04	264.90
0.04	332.10
0.04	1000.20
0.04	430.20
0.04	1000.20
0.04	1000.20
0.04	1000.20
0.04	352.50
0.04	586.20
0.04	667.80
0.04	398.40
0.04	1000.20
0.04	1000.20
0.04	315.30
0.04	448.20
0.04	1000.20
0.04	1000.20
0.04	1000.20
0.04	1000.20
0.04	1000.20
0.04	688.50
0.04	613.50
0.04	352.80
0.04	362.10
0.04	1000.20
0.04	406.80
0.04	573.90
0.04	610.50
0.04	396.90
0.04	324.90
0.04	435.60
0.04	364.80
0.04	1000.20
0.04	536.10
0.04	731.70
0.04	644.70
0.04	392.40
0.04	527.70
0.04	423.30
0.04	645.60
0.04	1000.20
0.04	1000.20
0.04	873.60
0.04	1000.20
0.04	928.20
0.04	813.60
0.04	1000.20
0.04	524.40
0.04	424.80
0.04	259.80
0.04	884.10
0.04	588.60
0.04	1000.20
0.04	1000.20
0.04	461.70
0.04	1000.20
0.04	283.20
0.04	1000.20
0.04	309.90
0.04	340.50
0.04	582.60
0.04	570.00
0.04	1000.20
0.04	1000.20
0.04	368.40
0.04	305.70
0.04	345.90
0.04	366.30
0.04	1000.20
0.04	395.40
0.04	1000.20
0.04	886.50
0.04	1000.20
0.04	802.80
0.04	1000.20
0.04	444.00
0.04	1000.20
0.04	337.20
0.04	995.70
0.04	273.60
0.04	1000.20
0.04	1000.20
0.04	1000.20
0.04	600.60
0.04	282.00
0.04	1000.20
0.04	398.10
0.04	1000.20
0.04	1000.20
0.04	1000.20
0.04	780.30
0.04	412.20
0.06	309.00
0.06	437.70
0.06	294.30
0.06	434.70
0.06	966.90
0.06	248.70
0.06	1000.20
0.06	950.10
0.06	1000.20
0.06	324.00
0.06	857.40
0.06	1000.20
0.06	334.80
0.06	1000.20
0.06	483.60
0.06	309.60
0.06	406.20
0.06	387.90
0.06	223.80
0.06	518.70
0.06	870.60
0.06	269.10
0.06	302.40
0.06	1000.20
0.06	276.90
0.06	368.10
0.06	310.50
0.06	782.40
0.06	348.90
0.06	342.60
0.06	1000.20
0.06	444.30
0.06	214.50
0.06	216.90
0.06	482.10
0.06	257.40
0.06	294.60
0.06	423.60
0.06	217.50
0.06	485.40
0.06	435.30
0.06	733.50
0.06	366.90
0.06	1000.20
0.06	361.50
0.06	264.90
0.06	253.80
0.06	430.20
0.06	255.30
0.06	219.30
0.06	1000.20
0.06	340.50
0.06	270.00
0.06	224.10
0.06	434.70
0.06	322.50
0.06	1000.20
0.06	1000.20
0.06	350.40
0.06	1000.20
0.06	1000.20
0.06	343.80
0.06	1000.20
0.06	341.10
0.06	297.00
0.06	323.10
0.06	489.00
0.06	422.10
0.06	1000.20
0.06	405.90
0.06	320.40
0.06	280.80
0.06	294.00
0.06	1000.20
0.06	330.90
0.06	406.80
0.06	567.00
0.06	320.70
0.06	632.40
0.06	277.20
0.06	442.50
0.06	1000.20
0.06	206.10
0.06	433.20
0.06	334.50
0.06	504.00
0.06	272.40
0.06	1000.20
0.06	501.60
0.06	353.70
0.06	303.60
0.06	252.30
0.06	875.70
0.06	345.90
0.06	276.30
0.06	354.90
0.06	280.80
0.06	639.00
0.06	445.20
0.06	708.60
0.08	1000.20
0.08	857.10
0.08	816.60
0.08	240.00
0.08	319.20
0.08	552.00
0.08	295.50
0.08	291.60
0.08	674.10
0.08	834.90
0.08	258.00
0.08	267.00
0.08	1000.20
0.08	236.70
0.08	223.50
0.08	234.60
0.08	444.00
0.08	234.90
0.08	376.50
0.08	368.70
0.08	255.60
0.08	281.70
0.08	240.60
0.08	319.50
0.08	203.40
0.08	298.80
0.08	300.30
0.08	253.20
0.08	274.50
0.08	225.00
0.08	305.40
0.08	237.90
0.08	1000.20
0.08	307.20
0.08	411.00
0.08	312.00
0.08	393.00
0.08	207.30
0.08	219.60
0.08	245.70
0.08	587.70
0.08	292.50
0.08	230.10
0.08	657.30
0.08	290.10
0.08	240.00
0.08	307.50
0.08	188.10
0.08	281.40
0.08	227.40
0.08	300.90
0.08	268.20
0.08	232.20
0.08	559.20
0.08	385.20
0.08	318.30
0.08	417.00
0.08	268.80
0.08	324.60
0.08	350.10
0.08	213.90
0.08	331.50
0.08	417.30
0.08	237.30
0.08	561.90
0.08	676.80
0.08	273.60
0.08	233.40
0.08	339.30
0.08	255.00
0.08	269.10
0.08	283.20
0.08	277.20
0.08	436.20
0.08	644.10
0.08	227.10
0.08	905.10
0.08	198.60
0.08	367.20
0.08	348.60
0.08	247.50
0.08	255.60
0.08	264.30
0.08	407.70
0.08	193.50
0.08	237.90
0.08	300.60
0.08	189.90
0.08	204.00
0.08	216.90
0.08	294.00
0.08	309.90
0.08	495.00
0.08	252.60
0.08	766.50
0.08	318.90
0.08	350.10
0.08	1000.20
0.08	224.10
0.08	209.40
0.10	211.20
0.10	189.90
0.10	283.80
0.10	198.30
0.10	355.80
0.10	216.30
0.10	316.50
0.10	267.30
0.10	362.70
0.10	200.10
0.10	415.20
0.10	247.20
0.10	233.40
0.10	220.50
0.10	294.30
0.10	268.80
0.10	663.30
0.10	216.00
0.10	198.00
0.10	443.40
0.10	195.60
0.10	723.60
0.10	241.80
0.10	186.90
0.10	292.80
0.10	210.00
0.10	201.30
0.10	216.60
0.10	222.00
0.10	294.30
0.10	238.20
0.10	207.00
0.10	261.60
0.10	193.50
0.10	525.30
0.10	457.80
0.10	204.90
0.10	273.90
0.10	485.40
0.10	221.10
0.10	247.50
0.10	316.50
0.10	202.80
0.10	236.70
0.10	660.30
0.10	268.50
0.10	219.60
0.10	1000.20
0.10	426.00
0.10	403.20
0.10	375.60
0.10	277.20
0.10	413.10
0.10	206.70
0.10	509.70
0.10	840.90
0.10	707.40
0.10	336.30
0.10	217.20
0.10	666.90
0.10	222.90
0.10	513.60
0.10	626.70
0.10	197.70
0.10	277.50
0.10	203.40
0.10	252.00
0.10	333.90
0.10	192.30
0.10	280.50
0.10	200.10
0.10	244.80
0.10	212.40
0.10	515.10
0.10	192.30
0.10	240.00
0.10	352.50
0.10	273.60
0.10	578.70
0.10	195.00
0.10	259.20
0.10	238.50
0.10	594.30
0.10	238.20
0.10	251.70
0.10	209.10
0.10	213.00
0.10	202.20
0.10	245.40
0.10	226.50
0.10	185.40
0.10	985.50
0.10	290.70
0.10	239.70
0.10	206.40
0.10	360.60
0.10	193.20
0.10	195.90
0.10	209.70
0.10	307.80
0.12	353.40
0.12	197.70
0.12	993.60
0.12	177.30
0.12	228.90
0.12	226.50
0.12	421.50
0.12	222.90
0.12	210.00
0.12	297.30
0.12	193.20
0.12	204.90
0.12	651.60
0.12	415.50
0.12	217.80
0.12	804.60
0.12	219.90
0.12	287.10
0.12	829.20
0.12	241.20
0.12	217.20
0.12	449.70
0.12	914.40
0.12	484.20
0.12	220.50
0.12	258.30
0.12	191.70
0.12	234.90
0.12	195.60
0.12	228.30
0.12	349.50
0.12	270.60
0.12	234.00
0.12	214.50
0.12	810.00
0.12	225.00
0.12	474.60
0.12	469.80
0.12	231.30
0.12	187.50
0.12	185.70
0.12	197.40
0.12	242.70
0.12	592.20
0.12	226.20
0.12	561.00
0.12	188.70
0.12	911.40
0.12	243.30
0.12	225.30
0.12	255.60
0.12	240.90
0.12	209.10
0.12	208.50
0.12	192.90
0.12	225.30
0.12	218.10
0.12	213.00
0.12	660.60
0.12	378.30
0.12	239.10
0.12	264.60
0.12	216.00
0.12	1000.20
0.12	327.30
0.12	184.50
0.12	198.90
0.12	1000.20
0.12	249.00
0.12	195.00
0.12	820.20
0.12	226.20
0.12	797.40
0.12	261.30
0.12	538.80
0.12	389.40
0.12	223.50
0.12	237.60
0.12	233.10
0.12	212.40
0.12	180.00
0.12	529.80
0.12	198.30
0.12	310.50
0.12	267.60
0.12	197.40
0.12	263.10
0.12	206.10
0.12	183.00
0.12	364.50
0.12	794.70
0.12	220.20
0.12	278.70
0.12	463.80
0.12	183.60
0.12	272.10
0.12	186.30
0.12	306.60
0.12	223.20
0.12	204.60
0.14	393.60
0.14	350.70
0.14	201.00
0.14	277.50
0.14	331.50
0.14	203.70
0.14	187.50
0.14	211.50
0.14	207.60
0.14	216.00
0.14	172.50
0.14	189.90
0.14	186.30
0.14	225.00
0.14	188.10
0.14	236.40
0.14	355.20
0.14	213.90
0.14	233.40
0.14	188.70
0.14	178.20
0.14	599.10
0.14	186.90
0.14	198.90
0.14	434.70
0.14	177.90
0.14	738.00
0.14	517.80
0.14	210.60
0.14	219.00
0.14	711.30
0.14	222.60
0.14	735.90
0.14	181.50
0.14	324.00
0.14	215.40
0.14	229.80
0.14	800.40
0.14	846.00
0.14	204.00
0.14	172.20
0.14	186.90
0.14	257.10
0.14	444.60
0.14	210.00
0.14	245.40
0.14	207.60
0.14	232.50
0.14	208.50
0.14	1000.20
0.14	248.40
0.14	192.90
0.14	221.10
0.14	308.40
0.14	186.30
0.14	204.00
0.14	194.40
0.14	185.40
0.14	188.70
0.14	302.40
0.14	240.00
0.14	204.30
0.14	196.50
0.14	175.80
0.14	207.00
0.14	187.80
0.14	195.00
0.14	189.30
0.14	277.20
0.14	192.90
0.14	442.20
0.14	211.50
0.14	179.40
0.14	186.30
0.14	218.70
0.14	222.60
0.14	188.70
0.14	215.10
0.14	184.50
0.14	407.40
0.14	185.70
0.14	186.90
0.14	192.60
0.14	283.50
0.14	192.30
0.14	249.90
0.14	233.10
0.14	275.70
0.14	408.30
0.14	211.50
0.14	175.50
0.14	307.80
0.14	299.70
0.14	194.70
0.14	485.40
0.14	185.40
0.14	189.60
0.14	622.20
0.14	447.00
0.14	214.20
0.16	410.10
0.16	225.60
0.16	634.20
0.16	183.90
0.16	198.30
0.16	198.60
0.16	199.80
0.16	216.60
0.16	642.00
0.16	202.50
0.16	206.40
0.16	528.90
0.16	275.70
0.16	783.00
0.16	177.30
0.16	290.40
0.16	184.50
0.16	217.20
0.16	187.20
0.16	333.30
0.16	241.20
0.16	175.80
0.16	204.30
0.16	269.70
0.16	216.90
0.16	213.30
0.16	431.10
0.16	194.40
0.16	391.50
0.16	190.20
0.16	174.60
0.16	190.50
0.16	232.20
0.16	209.10
0.16	463.80
0.16	190.80
0.16	260.70
0.16	192.90
0.16	203.10
0.16	196.50
0.16	175.50
0.16	214.80
0.16	201.00
0.16	294.00
0.16	171.90
0.16	186.00
0.16	192.00
0.16	232.50
0.16	489.60
0.16	177.90
0.16	234.00
0.16	324.30
0.16	201.60
0.16	288.00
0.16	298.50
0.16	312.30
0.16	178.50
0.16	186.00
0.16	246.90
0.16	219.90
0.16	189.30
0.16	297.60
0.16	171.60
0.16	221.10
0.16	178.50
0.16	572.10
0.16	205.20
0.16	194.10
0.16	201.30
0.16	217.20
0.16	194.40
0.16	192.00
0.16	336.60
0.16	219.60
0.16	317.10
0.16	210.00
0.16	180.00
0.16	504.00
0.16	178.80
0.16	317.10
0.16	199.50
0.16	376.80
0.16	197.40
0.16	212.40
0.16	184.80
0.16	199.80
0.16	220.80
0.16	258.90
0.16	227.10
0.16	177.00
0.16	184.50
0.16	184.80
0.16	218.70
0.16	197.10
0.16	215.70
0.16	188.40
0.16	414.00
0.16	343.80
0.16	200.40
0.16	225.60
0.18	223.20
0.18	226.50
0.18	214.50
0.18	183.30
0.18	199.20
0.18	178.50
0.18	190.80
0.18	294.90
0.18	186.60
0.18	188.40
0.18	362.70
0.18	177.90
0.18	187.50
0.18	361.80
0.18	210.60
0.18	184.50
0.18	240.00
0.18	182.70
0.18	196.50
0.18	190.50
0.18	203.70
0.18	506.10
0.18	219.00
0.18	244.20
0.18	175.20
0.18	192.00
0.18	208.80
0.18	191.70
0.18	753.30
0.18	182.10
0.18	180.30
0.18	214.80
0.18	216.00
0.18	337.20
0.18	185.10
0.18	250.20
0.18	213.00
0.18	177.00
0.18	367.50
0.18	181.50
0.18	235.80
0.18	178.80
0.18	174.00
0.18	190.50
0.18	186.90
0.18	185.40
0.18	234.60
0.18	234.00
0.18	304.50
0.18	177.90
0.18	187.20
0.18	207.30
0.18	176.10
0.18	204.00
0.18	416.10
0.18	174.90
0.18	219.00
0.18	238.20
0.18	215.70
0.18	321.30
0.18	170.10
0.18	205.50
0.18	179.40
0.18	174.90
0.18	188.40
0.18	201.60
0.18	604.50
0.18	568.20
0.18	205.80
0.18	175.80
0.18	257.40
0.18	425.40
0.18	185.70
0.18	195.90
0.18	249.90
0.18	261.00
0.18	188.40
0.18	955.50
0.18	188.10
0.18	177.30
0.18	195.30
0.18	187.80
0.18	209.70
0.18	678.00
0.18	213.30
0.18	231.90
0.18	186.60
0.18	219.30
0.18	193.50
0.18	171.60
0.18	187.50
0.18	233.40
0.18	170.70
0.18	634.20
0.18	227.40
0.18	197.40
0.18	172.50
0.18	227.10
0.18	295.80
0.18	285.90
0.20	184.20
0.20	226.80
0.20	186.60
0.20	186.30
0.20	208.80
0.20	930.00
0.20	231.60
0.20	261.30
0.20	187.80
0.20	195.90
0.20	227.10
0.20	247.50
0.20	205.20
0.20	193.50
0.20	183.60
0.20	194.70
0.20	175.50
0.20	196.80
0.20	187.20
0.20	187.20
0.20	204.60
0.20	185.10
0.20	173.40
0.20	197.10
0.20	179.10
0.20	213.60
0.20	327.00
0.20	300.00
0.20	196.50
0.20	201.30
0.20	221.70
0.20	236.70
0.20	174.60
0.20	207.60
0.20	181.20
0.20	211.20
0.20	208.80
0.20	193.80
0.20	169.50
0.20	513.00
0.20	181.20
0.20	176.40
0.20	180.60
0.20	208.80
0.20	199.20
0.20	195.30
0.20	195.90
0.20	189.00
0.20	213.00
0.20	215.40
0.20	208.80
0.20	351.90
0.20	197.70
0.20	169.80
0.20	191.10
0.20	202.20
0.20	175.50
0.20	225.60
0.20	191.10
0.20	237.60
0.20	174.90
0.20	176.10
0.20	203.70
0.20	202.50
0.20	231.90
0.20	174.30
0.20	230.10
0.20	179.10
0.20	398.40
0.20	188.40
0.20	186.60
0.20	211.80
0.20	191.40
0.20	222.30
0.20	185.40
0.20	211.80
0.20	177.60
0.20	207.60
0.20	210.60
0.20	208.80
0.20	210.30
0.20	191.70
0.20	199.80
0.20	190.80
0.20	188.70
0.20	197.70
0.20	198.30
0.20	314.40
0.20	187.50
0.20	193.20
0.20	213.00
0.20	195.60
0.20	195.00
0.20	181.80
0.20	487.50
0.20	196.20
0.20	225.30
0.20	178.80
0.20	528.30
0.20	708.90
0.22	177.90
0.22	195.60
0.22	197.70
0.22	187.50
0.22	206.10
0.22	171.90
0.22	222.30
0.22	201.30
0.22	180.60
0.22	349.20
0.22	225.90
0.22	203.70
0.22	203.40
0.22	200.70
0.22	201.90
0.22	201.30
0.22	184.80
0.22	189.30
0.22	200.10
0.22	305.40
0.22	177.60
0.22	200.70
0.22	178.20
0.22	171.30
0.22	197.40
0.22	190.50
0.22	182.10
0.22	174.60
0.22	317.10
0.22	194.70
0.22	174.30
0.22	237.00
0.22	221.70
0.22	204.90
0.22	201.30
0.22	220.80
0.22	197.40
0.22	228.60
0.22	218.10
0.22	201.00
0.22	178.80
0.22	196.20
0.22	219.90
0.22	198.60
0.22	210.00
0.22	204.00
0.22	177.90
0.22	193.20
0.22	183.30
0.22	223.50
0.22	208.50
0.22	212.70
0.22	186.60
0.22	319.20
0.22	200.40
0.22	180.60
0.22	253.50
0.22	200.10
0.22	188.40
0.22	185.40
0.22	397.20
0.22	204.90
0.22	188.70
0.22	211.20
0.22	198.30
0.22	173.10
0.22	181.50
0.22	217.50
0.22	222.90
0.22	204.00
0.22	208.20
0.22	176.40
0.22	212.70
0.22	215.70
0.22	801.30
0.22	217.80
0.22	223.20
0.22	194.40
0.22	192.60
0.22	180.60
0.22	209.70
0.22	197.10
0.22	197.70
0.22	193.50
0.22	203.10
0.22	224.70
0.22	193.80
0.22	187.20
0.22	180.30
0.22	191.70
0.22	477.30
0.22	194.70
0.22	194.10
0.22	228.00
0.22	186.30
0.22	177.30
0.22	179.40
0.22	330.60
0.22	181.80
0.22	210.90
0.24	189.90
0.24	238.20
0.24	186.60
0.24	193.80
0.24	297.00
0.24	191.10
0.24	202.20
0.24	270.30
0.24	224.10
0.24	181.80
0.24	315.90
0.24	190.50
0.24	321.60
0.24	594.90
0.24	195.00
0.24	315.60
0.24	175.20
0.24	375.30
0.24	199.80
0.24	207.90
0.24	170.10
0.24	215.70
0.24	192.60
0.24	173.40
0.24	177.30
0.24	207.60
0.24	601.50
0.24	172.50
0.24	201.60
0.24	232.50
0.24	422.40
0.24	174.00
0.24	184.80
0.24	220.80
0.24	172.80
0.24	184.20
0.24	176.70
0.24	180.30
0.24	172.80
0.24	204.30
0.24	214.80
0.24	250.20
0.24	182.70
0.24	181.20
0.24	180.30
0.24	230.10
0.24	660.60
0.24	194.40
0.24	218.40
0.24	227.70
0.24	173.10
0.24	222.90
0.24	178.80
0.24	177.90
0.24	177.90
0.24	312.30
0.24	264.60
0.24	237.30
0.24	182.40
0.24	220.50
0.24	182.70
0.24	210.30
0.24	174.30
0.24	391.20
0.24	184.20
0.24	608.40
0.24	169.50
0.24	221.40
0.24	197.70
0.24	192.00
0.24	171.60
0.24	168.90
0.24	185.10
0.24	230.10
0.24	180.00
0.24	185.40
0.24	215.10
0.24	182.10
0.24	179.70
0.24	536.70
0.24	213.60
0.24	246.60
0.24	208.50
0.24	192.60
0.24	212.10
0.24	191.70
0.24	178.80
0.24	190.50
0.24	174.60
0.24	181.20
0.24	180.60
0.24	246.90
0.24	201.30
0.24	582.30
0.24	177.90
0.24	177.60
0.24	188.70
0.24	210.00
0.24	189.30
0.24	213.00
0.26	190.80
0.26	204.90
0.26	197.40
0.26	219.90
0.26	208.20
0.26	205.50
0.26	189.00
0.26	179.70
0.26	194.70
0.26	177.00
0.26	211.20
0.26	218.40
0.26	200.40
0.26	177.00
0.26	229.80
0.26	189.90
0.26	369.00
0.26	175.20
0.26	184.80
0.26	211.50
0.26	382.80
0.26	190.50
0.26	186.30
0.26	199.80
0.26	219.90
0.26	220.50
0.26	183.90
0.26	426.30
0.26	171.00
0.26	229.50
0.26	189.30
0.26	234.00
0.26	189.30
0.26	171.60
0.26	379.80
0.26	195.90
0.26	194.10
0.26	195.90
0.26	225.90
0.26	203.10
0.26	198.90
0.26	183.60
0.26	482.10
0.26	177.60
0.26	183.90
0.26	220.50
0.26	369.30
0.26	184.20
0.26	194.10
0.26	569.70
0.26	195.60
0.26	409.20
0.26	183.30
0.26	210.60
0.26	188.70
0.26	222.90
0.26	227.70
0.26	193.50
0.26	183.90
0.26	192.00
0.26	204.30
0.26	206.10
0.26	427.80
0.26	190.50
0.26	176.70
0.26	328.80
0.26	185.40
0.26	218.70
0.26	181.20
0.26	615.30
0.26	179.10
0.26	375.90
0.26	173.10
0.26	234.60
0.26	178.50
0.26	194.70
0.26	169.50
0.26	472.20
0.26	208.20
0.26	227.70
0.26	196.80
0.26	170.70
0.26	219.30
0.26	229.50
0.26	313.20
0.26	189.30
0.26	229.20
0.26	340.50
0.26	202.20
0.26	173.70
0.26	174.00
0.26	225.00
0.26	177.90
0.26	189.60
0.26	211.20
0.26	189.00
0.26	197.70
0.26	218.10
0.26	183.30
0.26	230.10
0.28	225.30
0.28	205.50
0.28	216.30
0.28	203.10
0.28	194.40
0.28	202.50
0.28	201.30
0.28	178.20
0.28	195.60
0.28	173.70
0.28	204.90
0.28	183.30
0.28	179.40
0.28	198.60
0.28	174.90
0.28	184.80
0.28	202.20
0.28	314.10
0.28	326.40
0.28	186.60
0.28	217.80
0.28	191.10
0.28	169.80
0.28	348.90
0.28	224.70
0.28	182.40
0.28	183.00
0.28	174.30
0.28	177.30
0.28	405.60
0.28	231.00
0.28	199.80
0.28	204.90
0.28	200.40
0.28	326.40
0.28	225.60
0.28	222.90
0.28	185.10
0.28	563.40
0.28	227.70
0.28	197.70
0.28	196.50
0.28	204.30
0.28	249.90
0.28	189.30
0.28	230.10
0.28	173.70
0.28	268.50
0.28	191.10
0.28	570.00
0.28	219.30
0.28	188.10
0.28	170.10
0.28	182.70
0.28	225.30
0.28	184.50
0.28	198.00
0.28	199.50
0.28	171.60
0.28	191.70
0.28	212.10
0.28	189.60
0.28	177.60
0.28	194.10
0.28	261.30
0.28	226.80
0.28	182.40
0.28	207.60
0.28	331.80
0.28	210.00
0.28	199.50
0.28	203.70
0.28	250.50
0.28	180.60
0.28	179.70
0.28	195.00
0.28	183.90
0.28	210.30
0.28	189.00
0.28	180.60
0.28	207.00
0.28	213.30
0.28	213.90
0.28	200.70
0.28	220.80
0.28	195.60
0.28	207.60
0.28	217.50
0.28	191.40
0.28	193.50
0.28	195.90
0.28	219.60
0.28	358.80
0.28	193.80
0.28	204.30
0.28	205.20
0.28	168.90
0.28	192.60
0.28	209.70
0.28	191.10
0.30	371.70
0.30	180.30
0.30	233.10
0.30	202.20
0.30	185.10
0.30	182.40
0.30	175.50
0.30	176.10
0.30	189.60
0.30	217.80
0.30	190.20
0.30	387.30
0.30	215.40
0.30	205.50
0.30	198.30
0.30	216.30
0.30	195.00
0.30	217.20
0.30	192.30
0.30	198.00
0.30	202.50
0.30	193.20
0.30	216.60
0.30	213.30
0.30	199.50
0.30	170.40
0.30	179.70
0.30	228.00
0.30	214.50
0.30	197.70
0.30	190.80
0.30	201.90
0.30	180.90
0.30	203.70
0.30	205.50
0.30	180.60
0.30	193.80
0.30	177.00
0.30	265.80
0.30	183.60
0.30	182.40
0.30	187.50
0.30	197.10
0.30	183.30
0.30	169.80
0.30	224.40
0.30	196.50
0.30	205.80
0.30	207.00
0.30	194.70
0.30	249.90
0.30	169.20
0.30	209.70
0.30	178.80
0.30	188.40
0.30	180.30
0.30	209.10
0.30	171.30
0.30	195.60
0.30	210.30
0.30	328.20
0.30	244.50
0.30	232.80
0.30	181.20
0.30	187.20
0.30	208.80
0.30	183.00
0.30	239.40
0.30	241.80
0.30	184.50
0.30	218.40
0.30	199.80
0.30	178.50
0.30	203.10
0.30	177.30
0.30	198.60
0.30	379.50
0.30	183.30
0.30	210.30
0.30	185.70
0.30	177.00
0.30	211.80
0.30	365.10
0.30	213.00
0.30	206.40
0.30	204.30
0.30	184.50
0.30	188.10
0.30	183.60
0.30	204.00
0.30	432.00
0.30	307.20
0.30	176.70
0.30	195.00
0.30	202.20
0.30	199.80
0.30	186.00
0.30	185.40
0.30	216.90
0.30	276.00
0.32	191.40
0.32	237.60
0.32	211.20
0.32	210.00
0.32	213.00
0.32	244.20
0.32	185.40
0.32	208.20
0.32	175.50
0.32	211.20
0.32	210.30
0.32	186.30
0.32	180.00
0.32	191.40
0.32	255.90
0.32	180.00
0.32	183.90
0.32	195.90
0.32	279.60
0.32	297.30
0.32	198.60
0.32	453.30
0.32	204.00
0.32	183.60
0.32	178.80
0.32	216.00
0.32	178.20
0.32	185.10
0.32	193.50
0.32	173.70
0.32	240.30
0.32	173.40
0.32	191.40
0.32	215.40
0.32	207.90
0.32	207.30
0.32	176.70
0.32	205.50
0.32	181.50
0.32	185.40
0.32	274.80
0.32	201.90
0.32	181.20
0.32	195.60
0.32	178.50
0.32	182.40
0.32	203.10
0.32	174.90
0.32	191.40
0.32	365.10
0.32	223.50
0.32	213.30
0.32	207.00
0.32	190.80
0.32	221.70
0.32	226.50
0.32	198.00
0.32	299.70
0.32	202.20
0.32	184.50
0.32	192.30
0.32	351.60
0.32	194.10
0.32	173.70
0.32	196.50
0.32	176.70
0.32	299.40
0.32	239.70
0.32	226.20
0.32	178.50
0.32	186.00
0.32	176.70
0.32	197.40
0.32	202.50
0.32	224.40
0.32	209.10
0.32	187.50
0.32	186.00
0.32	215.40
0.32	256.50
0.32	193.50
0.32	182.70
0.32	175.50
0.32	197.40
0.32	173.10
0.32	205.80
0.32	181.80
0.32	229.50
0.32	183.00
0.32	206.70
0.32	186.30
0.32	180.60
0.32	194.40
0.32	169.50
0.32	211.80
0.32	240.00
0.32	181.80
0.32	212.40
0.32	175.80
0.32	181.50
0.34	227.40
0.34	178.20
0.34	200.70
0.34	305.40
0.34	239.10
0.34	177.30
0.34	240.60
0.34	187.50
0.34	283.20
0.34	169.80
0.34	171.60
0.34	243.60
0.34	227.10
0.34	190.80
0.34	201.30
0.34	422.10
0.34	190.50
0.34	224.40
0.34	172.50
0.34	253.50
0.34	460.80
0.34	232.80
0.34	201.60
0.34	193.80
0.34	201.30
0.34	208.20
0.34	191.10
0.34	215.40
0.34	221.40
0.34	236.70
0.34	195.30
0.34	197.70
0.34	207.60
0.34	179.10
0.34	210.00
0.34	213.90
0.34	177.60
0.34	203.70
0.34	198.60
0.34	242.70
0.34	183.90
0.34	185.40
0.34	213.90
0.34	328.50
0.34	192.60
0.34	184.20
0.34	195.90
0.34	189.90
0.34	205.50
0.34	197.10
0.34	207.60
0.34	218.40
0.34	277.20
0.34	415.80
0.34	186.60
0.34	187.80
0.34	180.00
0.34	205.80
0.34	201.30
0.34	230.40
0.34	196.20
0.34	195.30
0.34	273.30
0.34	199.80
0.34	227.40
0.34	177.90
0.34	209.10
0.34	209.40
0.34	186.00
0.34	181.80
0.34	237.60
0.34	197.40
0.34	195.90
0.34	207.00
0.34	180.90
0.34	190.50
0.34	222.60
0.34	231.00
0.34	245.10
0.34	192.00
0.34	327.00
0.34	191.40
0.34	215.40
0.34	207.00
0.34	184.20
0.34	218.10
0.34	216.60
0.34	185.70
0.34	175.20
0.34	220.80
0.34	188.40
0.34	192.00
0.34	179.10
0.34	197.40
0.34	200.40
0.34	214.80
0.34	205.20
0.34	201.30
0.34	236.70
0.34	171.90
0.36	171.90
0.36	183.30
0.36	192.30
0.36	174.30
0.36	209.70
0.36	184.50
0.36	188.40
0.36	198.60
0.36	214.80
0.36	198.30
0.36	251.10
0.36	202.80
0.36	171.00
0.36	215.40
0.36	193.50
0.36	209.70
0.36	214.20
0.36	207.30
0.36	189.30
0.36	176.70
0.36	186.60
0.36	212.70
0.36	227.40
0.36	186.00
0.36	211.50
0.36	207.90
0.36	194.70
0.36	238.80
0.36	211.20
0.36	195.90
0.36	205.80
0.36	194.70
0.36	204.90
0.36	180.90
0.36	207.30
0.36	194.10
0.36	186.90
0.36	197.10
0.36	190.50
0.36	187.50
0.36	715.80
0.36	189.00
0.36	256.80
0.36	204.30
0.36	200.70
0.36	186.00
0.36	199.20
0.36	193.20
0.36	183.30
0.36	171.30
0.36	200.40
0.36	221.40
0.36	188.10
0.36	182.10
0.36	180.30
0.36	192.00
0.36	195.30
0.36	196.20
0.36	212.40
0.36	207.00
0.36	219.30
0.36	230.40
0.36	173.40
0.36	199.80
0.36	234.00
0.36	202.50
0.36	181.20
0.36	247.50
0.36	198.90
0.36	237.30
0.36	198.30
0.36	206.70
0.36	212.10
0.36	174.60
0.36	200.10
0.36	189.90
0.36	184.80
0.36	210.90
0.36	186.60
0.36	189.00
0.36	197.70
0.36	181.20
0.36	196.50
0.36	175.50
0.36	193.20
0.36	176.10
0.36	174.90
0.36	192.30
0.36	181.80
0.36	204.30
0.36	185.40
0.36	181.50
0.36	174.60
0.36	171.60
0.36	216.90
0.36	187.80
0.36	204.30
0.36	184.80
0.36	203.10
0.36	176.70
0.38	320.10
0.38	183.00
0.38	207.00
0.38	173.40
0.38	178.80
0.38	204.90
0.38	195.90
0.38	187.80
0.38	176.10
0.38	198.00
0.38	187.50
0.38	196.20
0.38	187.20
0.38	195.30
0.38	193.20
0.38	201.90
0.38	198.60
0.38	174.60
0.38	179.70
0.38	179.40
0.38	188.40
0.38	196.20
0.38	182.70
0.38	195.00
0.38	218.40
0.38	210.60
0.38	190.20
0.38	206.10
0.38	180.90
0.38	178.50
0.38	172.20
0.38	228.90
0.38	170.10
0.38	243.00
0.38	178.20
0.38	179.70
0.38	288.90
0.38	207.60
0.38	182.10
0.38	179.70
0.38	212.10
0.38	341.70
0.38	230.10
0.38	238.50
0.38	170.10
0.38	189.90
0.38	191.40
0.38	209.10
0.38	170.10
0.38	185.40
0.38	333.30
0.38	213.00
0.38	348.90
0.38	207.60
0.38	193.20
0.38	245.40
0.38	310.20
0.38	194.10
0.38	230.10
0.38	174.60
0.38	224.70
0.38	174.60
0.38	188.40
0.38	190.50
0.38	193.80
0.38	441.60
0.38	192.30
0.38	169.50
0.38	189.00
0.38	193.50
0.38	312.90
0.38	189.30
0.38	193.80
0.38	178.50
0.38	220.20
0.38	201.30
0.38	264.30
0.38	168.90
0.38	204.00
0.38	328.80
0.38	176.70
0.38	173.40
0.38	181.50
0.38	208.80
0.38	212.10
0.38	177.30
0.38	221.40
0.38	189.00
0.38	182.70
0.38	197.10
0.38	193.50
0.38	174.60
0.38	197.10
0.38	179.10
0.38	173.70
0.38	171.00
0.38	212.70
0.38	214.50
0.38	200.10
0.38	186.90
0.40	175.80
0.40	188.70
0.40	192.00
0.40	188.10
0.40	204.60
0.40	207.90
0.40	208.50
0.40	183.30
0.40	169.50
0.40	225.60
0.40	227.10
0.40	257.40
0.40	178.80
0.40	217.50
0.40	174.60
0.40	199.20
0.40	275.70
0.40	172.20
0.40	191.10
0.40	187.80
0.40	170.40
0.40	174.30
0.40	196.20
0.40	178.20
0.40	228.00
0.40	203.10
0.40	173.40
0.40	207.60
0.40	217.50
0.40	180.90
0.40	186.60
0.40	174.90
0.40	187.80
0.40	203.70
0.40	307.50
0.40	183.00
0.40	194.70
0.40	177.30
0.40	172.20
0.40	176.10
0.40	192.90
0.40	222.30
0.40	186.60
0.40	189.00
0.40	390.30
0.40	195.90
0.40	169.20
0.40	189.90
0.40	175.20
0.40	219.60
0.40	173.70
0.40	176.10
0.40	210.90
0.40	168.90
0.40	200.70
0.40	275.70
0.40	192.90
0.40	174.30
0.40	205.20
0.40	172.20
0.40	184.80
0.40	240.30
0.40	204.60
0.40	186.30
0.40	189.00
0.40	212.70
0.40	209.40
0.40	211.80
0.40	195.90
0.40	207.60
0.40	177.60
0.40	171.90
0.40	228.30
0.40	206.70
0.40	189.30
0.40	201.30
0.40	191.70
0.40	312.90
0.40	176.70
0.40	179.70
0.40	187.50
0.40	172.80
0.40	169.80
0.40	213.60
0.40	204.90
0.40	202.80
0.40	188.70
0.40	186.90
0.40	214.80
0.40	169.50
0.40	177.00
0.40	240.00
0.40	199.20
0.40	177.00
0.40	171.00
0.40	187.80
0.40	202.50
0.40	178.80
0.40	206.40
0.40	196.50
0.42	177.30
0.42	213.30
0.42	217.50
0.42	173.70
0.42	202.20
0.42	188.70
0.42	198.60
0.42	174.60
0.42	171.90
0.42	213.30
0.42	188.40
0.42	181.80
0.42	182.70
0.42	183.30
0.42	236.10
0.42	184.50
0.42	188.40
0.42	175.80
0.42	193.50
0.42	183.60
0.42	196.80
0.42	195.00
0.42	176.40
0.42	170.70
0.42	186.90
0.42	181.80
0.42	206.40
0.42	200.40
0.42	193.50
0.42	194.70
0.42	184.50
0.42	187.80
0.42	233.40
0.42	207.00
0.42	189.60
0.42	186.00
0.42	247.20
0.42	193.20
0.42	204.00
0.42	224.40
0.42	225.60
0.42	193.50
0.42	175.80
0.42	200.40
0.42	427.20
0.42	194.40
0.42	193.20
0.42	183.00
0.42	188.10
0.42	181.50
0.42	231.30
0.42	188.40
0.42	228.00
0.42	210.00
0.42	210.00
0.42	187.20
0.42	185.10
0.42	177.00
0.42	221.70
0.42	207.30
0.42	204.90
0.42	210.60
0.42	175.80
0.42	204.60
0.42	207.90
0.42	178.80
0.42	180.60
0.42	188.40
0.42	222.90
0.42	175.20
0.42	198.00
0.42	376.80
0.42	170.70
0.42	190.50
0.42	169.80
0.42	194.70
0.42	200.70
0.42	172.50
0.42	229.50
0.42	309.60
0.42	197.40
0.42	204.60
0.42	183.60
0.42	237.60
0.42	197.70
0.42	184.20
0.42	177.90
0.42	180.60
0.42	183.60
0.42	183.60
0.42	200.10
0.42	257.70
0.42	212.10
0.42	179.40
0.42	227.10
0.42	201.60
0.42	208.80
0.42	211.20
0.42	176.70
0.42	193.20
0.44	188.10
0.44	192.00
0.44	192.90
0.44	223.20
0.44	195.60
0.44	183.00
0.44	170.40
0.44	176.70
0.44	180.60
0.44	189.30
0.44	243.30
0.44	184.20
0.44	198.00
0.44	207.60
0.44	195.60
0.44	174.90
0.44	205.80
0.44	189.30
0.44	211.80
0.44	213.00
0.44	181.80
0.44	184.80
0.44	189.00
0.44	249.90
0.44	183.00
0.44	214.20
0.44	188.10
0.44	201.30
0.44	206.70
0.44	177.60
0.44	274.80
0.44	202.80
0.44	186.90
0.44	203.10
0.44	178.80
0.44	190.80
0.44	180.60
0.44	337.80
0.44	209.40
0.44	205.50
0.44	222.90
0.44	185.10
0.44	189.60
0.44	198.60
0.44	233.40
0.44	182.10
0.44	179.40
0.44	231.00
0.44	206.10
0.44	214.80
0.44	191.10
0.44	207.90
0.44	203.10
0.44	208.50
0.44	220.80
0.44	188.40
0.44	247.20
0.44	198.30
0.44	182.70
0.44	233.70
0.44	172.50
0.44	186.00
0.44	197.10
0.44	194.70
0.44	178.80
0.44	197.70
0.44	185.40
0.44	208.50
0.44	174.90
0.44	188.40
0.44	178.50
0.44	184.50
0.44	217.20
0.44	193.80
0.44	177.30
0.44	179.70
0.44	213.60
0.44	230.40
0.44	211.50
0.44	189.90
0.44	200.10
0.44	186.60
0.44	214.80
0.44	198.60
0.44	208.80
0.44	255.90
0.44	209.40
0.44	234.60
0.44	176.40
0.44	186.90
0.44	185.10
0.44	193.20
0.44	184.50
0.44	211.20
0.44	215.70
0.44	169.50
0.44	238.80
0.44	250.20
0.44	223.20
0.44	194.40
0.46	183.90
0.46	180.90
0.46	185.10
0.46	186.00
0.46	375.90
0.46	178.80
0.46	215.10
0.46	178.50
0.46	192.90
0.46	215.40
0.46	170.70
0.46	171.30
0.46	174.30
0.46	269.10
0.46	191.70
0.46	215.40
0.46	212.70
0.46	197.40
0.46	187.50
0.46	171.90
0.46	177.00
0.46	187.80
0.46	174.30
0.46	237.90
0.46	257.10
0.46	172.20
0.46	210.90
0.46	246.90
0.46	202.20
0.46	236.70
0.46	196.50
0.46	246.60
0.46	233.70
0.46	382.80
0.46	252.00
0.46	191.70
0.46	190.20
0.46	170.70
0.46	183.90
0.46	591.60
0.46	199.20
0.46	215.40
0.46	225.30
0.46	187.20
0.46	186.60
0.46	174.60
0.46	348.90
0.46	187.80
0.46	228.60
0.46	177.00
0.46	173.10
0.46	186.30
0.46	180.00
0.46	210.60
0.46	178.50
0.46	258.30
0.46	177.60
0.46	188.10
0.46	214.20
0.46	180.60
0.46	207.90
0.46	340.20
0.46	206.70
0.46	182.70
0.46	222.60
0.46	213.30
0.46	367.50
0.46	204.00
0.46	261.60
0.46	181.20
0.46	169.80
0.46	232.20
0.46	202.80
0.46	199.50
0.46	177.60
0.46	190.50
0.46	235.50
0.46	172.50
0.46	177.90
0.46	194.10
0.46	207.90
0.46	206.70
0.46	188.70
0.46	185.70
0.46	193.80
0.46	184.80
0.46	264.30
0.46	197.70
0.46	173.40
0.46	198.60
0.46	211.50
0.46	199.20
0.46	181.20
0.46	199.50
0.46	218.70
0.46	203.10
0.46	198.60
0.46	261.30
0.46	201.00
0.46	193.50
0.48	189.30
0.48	191.70
0.48	197.70
0.48	281.10
0.48	183.30
0.48	235.20
0.48	180.00
0.48	223.50
0.48	212.40
0.48	248.40
0.48	241.50
0.48	187.50
0.48	195.60
0.48	194.40
0.48	199.50
0.48	202.80
0.48	173.40
0.48	217.50
0.48	175.80
0.48	193.80
0.48	372.90
0.48	217.50
0.48	200.70
0.48	183.00
0.48	225.60
0.48	226.20
0.48	184.80
0.48	194.40
0.48	193.20
0.48	194.10
0.48	327.60
0.48	231.00
0.48	225.00
0.48	226.80
0.48	219.90
0.48	210.90
0.48	185.10
0.48	190.50
0.48	186.30
0.48	201.60
0.48	202.80
0.48	215.40
0.48	183.00
0.48	407.10
0.48	185.40
0.48	187.50
0.48	219.30
0.48	203.70
0.48	201.90
0.48	184.20
0.48	189.30
0.48	190.20
0.48	183.90
0.48	202.80
0.48	324.90
0.48	248.70
0.48	190.20
0.48	178.80
0.48	187.80
0.48	184.80
0.48	216.00
0.48	185.70
0.48	204.30
0.48	280.50
0.48	181.20
0.48	198.60
0.48	192.90
0.48	192.30
0.48	209.40
0.48	184.20
0.48	190.20
0.48	169.50
0.48	192.30
0.48	182.40
0.48	211.80
0.48	182.10
0.48	177.90
0.48	222.30
0.48	198.30
0.48	192.90
0.48	203.70
0.48	240.60
0.48	197.10
0.48	191.10
0.48	182.70
0.48	195.90
0.48	222.30
0.48	310.20
0.48	212.10
0.48	205.50
0.48	183.60
0.48	180.60
0.48	188.40
0.48	188.10
0.48	189.30
0.48	198.60
0.48	172.20
0.48	184.20
0.48	309.00
0.48	177.60
0.50	173.10
0.50	193.50
0.50	179.40
0.50	201.60
0.50	204.30
0.50	191.10
0.50	195.90
0.50	176.40
0.50	265.20
0.50	265.80
0.50	222.60
0.50	213.30
0.50	180.90
0.50	198.60
0.50	172.50
0.50	209.10
0.50	205.80
0.50	184.20
0.50	198.30
0.50	293.10
0.50	216.90
0.50	215.70
0.50	225.90
0.50	195.90
0.50	171.90
0.50	174.00
0.50	235.80
0.50	195.30
0.50	206.10
0.50	213.30
0.50	261.60
0.50	194.70
0.50	187.50
0.50	316.50
0.50	211.50
0.50	180.00
0.50	188.70
0.50	205.80
0.50	227.40
0.50	214.20
0.50	186.90
0.50	196.50
0.50	192.90
0.50	182.40
0.50	194.10
0.50	202.50
0.50	209.70
0.50	185.70
0.50	197.70
0.50	197.40
0.50	194.40
0.50	311.70
0.50	190.20
0.50	198.60
0.50	200.10
0.50	196.20
0.50	184.20
0.50	172.50
0.50	263.40
0.50	187.50
0.50	200.70
0.50	195.30
0.50	169.80
0.50	202.50
0.50	193.50
0.50	643.50
0.50	179.70
0.50	183.90
0.50	211.20
0.50	210.60
0.50	195.90
0.50	209.40
0.50	278.40
0.50	243.30
0.50	184.50
0.50	192.90
0.50	189.00
0.50	230.40
0.50	191.40
0.50	195.60
0.50	193.20
0.50	180.30
0.50	210.90
0.50	205.20
0.50	223.20
0.50	192.60
0.50	186.60
0.50	183.30
0.50	172.50
0.50	192.90
0.50	273.60
0.50	191.40
0.50	179.70
0.50	195.30
0.50	181.20
0.50	340.50
0.50	197.40
0.50	203.10
0.50	180.30
0.50	201.90
0.52	211.80
0.52	183.00
0.52	200.10
0.52	192.90
0.52	211.20
0.52	192.00
0.52	183.90
0.52	212.10
0.52	204.00
0.52	183.30
0.52	238.20
0.52	198.60
0.52	217.80
0.52	255.30
0.52	185.10
0.52	188.70
0.52	176.10
0.52	210.00
0.52	226.20
0.52	221.40
0.52	226.20
0.52	184.80
0.52	179.70
0.52	314.70
0.52	260.10
0.52	171.90
0.52	195.60
0.52	193.50
0.52	200.40
0.52	173.10
0.52	189.60
0.52	193.50
0.52	187.50
0.52	189.60
0.52	178.50
0.52	177.00
0.52	199.50
0.52	208.20
0.52	223.80
0.52	184.20
0.52	231.30
0.52	223.20
0.52	169.50
0.52	186.90
0.52	222.30
0.52	171.00
0.52	180.30
0.52	207.90
0.52	185.40
0.52	277.50
0.52	204.60
0.52	192.90
0.52	198.30
0.52	215.40
0.52	177.00
0.52	207.30
0.52	193.20
0.52	434.70
0.52	189.00
0.52	215.40
0.52	226.80
0.52	214.20
0.52	192.90
0.52	222.90
0.52	199.20
0.52	192.00
0.52	196.50
0.52	189.30
0.52	215.10
0.52	202.80
0.52	194.10
0.52	189.30
0.52	177.30
0.52	230.70
0.52	193.20
0.52	199.50
0.52	187.50
0.52	226.20
0.52	247.80
0.52	197.40
0.52	201.90
0.52	197.10
0.52	218.70
0.52	192.00
0.52	205.80
0.52	184.50
0.52	202.20
0.52	214.80
0.52	201.00
0.52	200.40
0.52	181.20
0.52	216.00
0.52	186.30
0.52	209.10
0.52	235.50
0.52	175.80
0.52	195.30
0.52	180.00
0.52	258.00
0.52	331.20
0.54	198.00
0.54	344.40
0.54	198.30
0.54	181.80
0.54	202.80
0.54	193.20
0.54	209.70
0.54	211.20
0.54	205.50
0.54	189.90
0.54	198.30
0.54	216.00
0.54	208.50
0.54	228.90
0.54	177.90
0.54	201.90
0.54	197.40
0.54	184.50
0.54	179.10
0.54	178.80
0.54	201.60
0.54	195.90
0.54	200.40
0.54	202.20
0.54	198.00
0.54	218.40
0.54	212.70
0.54	179.70
0.54	183.30
0.54	183.90
0.54	201.60
0.54	198.90
0.54	200.40
0.54	223.20
0.54	211.50
0.54	189.90
0.54	186.00
0.54	200.70
0.54	199.80
0.54	220.20
0.54	195.90
0.54	187.20
0.54	197.70
0.54	218.40
0.54	194.70
0.54	201.60
0.54	183.00
0.54	213.60
0.54	192.30
0.54	213.00
0.54	197.70
0.54	177.90
0.54	191.70
0.54	174.90
0.54	178.80
0.54	221.10
0.54	217.50
0.54	180.00
0.54	180.00
0.54	188.70
0.54	336.30
0.54	186.90
0.54	193.80
0.54	204.60
0.54	178.80
0.54	179.10
0.54	177.00
0.54	193.20
0.54	188.40
0.54	202.80
0.54	206.40
0.54	195.30
0.54	182.10
0.54	199.50
0.54	190.20
0.54	206.40
0.54	224.40
0.54	253.20
0.54	188.40
0.54	189.90
0.54	440.70
0.54	192.90
0.54	196.50
0.54	197.10
0.54	172.50
0.54	175.50
0.54	183.90
0.54	227.70
0.54	196.20
0.54	184.50
0.54	208.50
0.54	289.20
0.54	177.60
0.54	172.80
0.54	185.40
0.54	210.30
0.54	203.10
0.54	181.20
0.54	185.70
0.54	199.20
0.56	259.80
0.56	203.70
0.56	194.40
0.56	202.20
0.56	222.30
0.56	179.10
0.56	183.90
0.56	189.90
0.56	195.00
0.56	192.30
0.56	217.50
0.56	188.10
0.56	204.90
0.56	198.90
0.56	205.80
0.56	226.80
0.56	206.10
0.56	231.00
0.56	218.70
0.56	217.80
0.56	211.20
0.56	198.30
0.56	203.70
0.56	173.40
0.56	176.70
0.56	198.00
0.56	219.90
0.56	180.60
0.56	231.60
0.56	185.10
0.56	202.80
0.56	195.90
0.56	190.80
0.56	192.30
0.56	198.00
0.56	219.60
0.56	193.80
0.56	177.30
0.56	201.90
0.56	186.60
0.56	169.80
0.56	192.60
0.56	182.40
0.56	203.40
0.56	251.40
0.56	323.70
0.56	241.80
0.56	235.50
0.56	175.80
0.56	218.10
0.56	190.80
0.56	241.80
0.56	195.60
0.56	282.60
0.56	202.20
0.56	208.20
0.56	189.00
0.56	215.70
0.56	210.60
0.56	182.40
0.56	215.70
0.56	192.00
0.56	210.00
0.56	213.30
0.56	212.70
0.56	211.50
0.56	179.40
0.56	177.30
0.56	217.50
0.56	190.80
0.56	178.80
0.56	206.40
0.56	211.80
0.56	192.90
0.56	189.60
0.56	194.40
0.56	309.90
0.56	391.50
0.56	182.70
0.56	184.50
0.56	192.00
0.56	175.20
0.56	174.30
0.56	186.30
0.56	210.00
0.56	182.10
0.56	219.00
0.56	219.30
0.56	201.30
0.56	210.30
0.56	216.90
0.56	203.10
0.56	171.30
0.56	661.80
0.56	185.40
0.56	224.70
0.56	176.70
0.56	185.10
0.56	186.00
0.56	197.40
0.58	214.20
0.58	214.50
0.58	184.20
0.58	218.10
0.58	210.00
0.58	178.80
0.58	196.20
0.58	183.00
0.58	200.10
0.58	192.00
0.58	182.40
0.58	201.00
0.58	187.50
0.58	309.90
0.58	175.20
0.58	189.90
0.58	173.40
0.58	199.50
0.58	229.50
0.58	232.20
0.58	183.60
0.58	208.20
0.58	210.30
0.58	287.10
0.58	217.50
0.58	200.10
0.58	214.20
0.58	173.70
0.58	231.90
0.58	234.30
0.58	178.50
0.58	193.80
0.58	215.70
0.58	181.50
0.58	258.90
0.58	182.40
0.58	210.90
0.58	224.10
0.58	199.80
0.58	172.80
0.58	212.10
0.58	195.00
0.58	193.80
0.58	211.80
0.58	253.50
0.58	193.20
0.58	210.60
0.58	195.30
0.58	185.70
0.58	186.90
0.58	240.30
0.58	176.10
0.58	175.20
0.58	253.50
0.58	198.00
0.58	185.70
0.58	231.60
0.58	193.50
0.58	199.80
0.58	207.30
0.58	203.70
0.58	194.10
0.58	174.30
0.58	185.70
0.58	182.40
0.58	207.30
0.58	186.00
0.58	186.00
0.58	218.70
0.58	214.50
0.58	200.10
0.58	200.70
0.58	222.00
0.58	224.40
0.58	209.70
0.58	184.20
0.58	223.50
0.58	183.90
0.58	253.80
0.58	203.40
0.58	184.50
0.58	180.90
0.58	199.80
0.58	222.00
0.58	231.60
0.58	202.20
0.58	184.20
0.58	198.60
0.58	234.90
0.58	185.70
0.58	200.70
0.58	218.10
0.58	177.90
0.58	189.60
0.58	435.30
0.58	173.40
0.58	183.90
0.58	196.20
0.58	213.00
0.58	187.20
0.60	178.50
0.60	214.50
0.60	212.10
0.60	174.30
0.60	189.60
0.60	212.10
0.60	236.70
0.60	204.60
0.60	180.60
0.60	204.60
0.60	200.70
0.60	243.00
0.60	197.40
0.60	181.20
0.60	207.30
0.60	206.70
0.60	199.80
0.60	216.90
0.60	193.20
0.60	206.70
0.60	173.70
0.60	188.40
0.60	264.60
0.60	221.40
0.60	183.00
0.60	181.80
0.60	216.90
0.60	217.50
0.60	183.30
0.60	182.10
0.60	199.20
0.60	189.30
0.60	332.40
0.60	186.00
0.60	181.80
0.60	204.60
0.60	224.40
0.60	206.10
0.60	260.40
0.60	254.10
0.60	194.70
0.60	243.30
0.60	197.40
0.60	227.70
0.60	210.00
0.60	223.20
0.60	204.90
0.60	206.10
0.60	191.70
0.60	173.70
0.60	189.60
0.60	228.30
0.60	185.70
0.60	174.60
0.60	186.60
0.60	201.90
0.60	227.10
0.60	194.40
0.60	215.40
0.60	224.40
0.60	197.40
0.60	172.50
0.60	281.10
0.60	192.00
0.60	210.00
0.60	201.00
0.60	197.70
0.60	185.70
0.60	225.60
0.60	202.20
0.60	186.90
0.60	178.50
0.60	180.90
0.60	177.90
0.60	174.90
0.60	190.80
0.60	183.00
0.60	177.30
0.60	206.40
0.60	320.70
0.60	189.00
0.60	201.60
0.60	213.90
0.60	179.10
0.60	214.20
0.60	179.40
0.60	241.80
0.60	207.00
0.60	231.90
0.60	198.00
0.60	177.00
0.60	169.50
0.60	196.20
0.60	191.70
0.60	212.40
0.60	180.00
0.60	186.90
0.60	220.80
0.60	179.70
0.60	198.60
0.62	184.50
0.62	174.30
0.62	195.30
0.62	202.20
0.62	183.00
0.62	243.90
0.62	199.50
0.62	195.60
0.62	175.80
0.62	202.80
0.62	177.30
0.62	200.70
0.62	198.30
0.62	181.20
0.62	196.80
0.62	197.70
0.62	212.40
0.62	219.30
0.62	208.50
0.62	211.20
0.62	197.70
0.62	195.90
0.62	193.50
0.62	190.80
0.62	180.60
0.62	179.10
0.62	230.10
0.62	212.40
0.62	196.20
0.62	194.40
0.62	182.10
0.62	230.40
0.62	173.10
0.62	211.50
0.62	183.00
0.62	209.10
0.62	204.00
0.62	192.60
0.62	202.80
0.62	185.10
0.62	203.10
0.62	180.90
0.62	224.40
0.62	199.20
0.62	222.90
0.62	211.20
0.62	190.20
0.62	210.90
0.62	210.60
0.62	173.70
0.62	197.40
0.62	245.10
0.62	171.60
0.62	220.20
0.62	180.60
0.62	186.60
0.62	176.70
0.62	193.50
0.62	202.50
0.62	199.80
0.62	194.40
0.62	236.40
0.62	217.80
0.62	243.00
0.62	188.40
0.62	254.10
0.62	173.10
0.62	176.70
0.62	224.70
0.62	174.00
0.62	186.60
0.62	274.20
0.62	187.20
0.62	186.30
0.62	218.10
0.62	196.50
0.62	184.50
0.62	208.80
0.62	192.60
0.62	174.60
0.62	171.60
0.62	183.30
0.62	182.70
0.62	227.10
0.62	215.70
0.62	222.00
0.62	188.70
0.62	197.70
0.62	206.40
0.62	183.60
0.62	225.30
0.62	189.90
0.62	221.40
0.62	180.60
0.62	269.10
0.62	184.80
0.62	187.50
0.62	201.90
0.62	216.00
0.62	184.20
0.64	199.20
0.64	192.90
0.64	189.60
0.64	189.30
0.64	171.90
0.64	221.10
0.64	207.90
0.64	240.60
0.64	190.50
0.64	180.60
0.64	176.70
0.64	182.10
0.64	190.50
0.64	195.30
0.64	199.20
0.64	214.20
0.64	219.30
0.64	194.10
0.64	209.70
0.64	174.30
0.64	211.50
0.64	194.40
0.64	204.30
0.64	177.60
0.64	355.20
0.64	228.60
0.64	209.10
0.64	249.90
0.64	196.80
0.64	197.40
0.64	309.00
0.64	194.10
0.64	216.30
0.64	196.20
0.64	211.80
0.64	184.20
0.64	193.80
0.64	219.30
0.64	203.10
0.64	190.50
0.64	196.50
0.64	206.40
0.64	200.10
0.64	200.10
0.64	225.90
0.64	188.40
0.64	213.30
0.64	199.50
0.64	211.20
0.64	177.90
0.64	185.40
0.64	216.60
0.64	190.50
0.64	180.90
0.64	231.00
0.64	181.50
0.64	201.30
0.64	189.90
0.64	172.80
0.64	177.90
0.64	173.40
0.64	179.70
0.64	171.00
0.64	208.80
0.64	211.80
0.64	176.40
0.64	173.70
0.64	226.80
0.64	188.70
0.64	184.50
0.64	250.80
0.64	191.40
0.64	240.60
0.64	174.60
0.64	198.60
0.64	194.10
0.64	189.00
0.64	182.70
0.64	236.40
0.64	181.20
0.64	206.70
0.64	304.80
0.64	169.20
0.64	179.10
0.64	248.40
0.64	196.50
0.64	202.20
0.64	182.70
0.64	226.50
0.64	227.10
0.64	176.40
0.64	210.30
0.64	208.50
0.64	195.90
0.64	205.20
0.64	204.00
0.64	200.40
0.64	205.50
0.64	191.70
0.64	196.80
0.66	218.70
0.66	200.70
0.66	192.60
0.66	178.80
0.66	185.40
0.66	207.90
0.66	201.00
0.66	226.20
0.66	194.10
0.66	214.80
0.66	186.60
0.66	221.40
0.66	233.10
0.66	197.40
0.66	181.80
0.66	204.60
0.66	170.40
0.66	181.50
0.66	201.30
0.66	232.80
0.66	202.80
0.66	199.20
0.66	234.90
0.66	186.00
0.66	182.70
0.66	178.50
0.66	225.00
0.66	180.30
0.66	217.20
0.66	298.20
0.66	242.70
0.66	208.80
0.66	197.70
0.66	216.00
0.66	209.70
0.66	207.60
0.66	224.10
0.66	205.50
0.66	204.30
0.66	199.20
0.66	202.20
0.66	246.30
0.66	196.50
0.66	191.40
0.66	194.40
0.66	290.40
0.66	183.30
0.66	217.50
0.66	173.40
0.66	171.00
0.66	229.80
0.66	210.30
0.66	269.40
0.66	185.70
0.66	183.00
0.66	203.40
0.66	184.80
0.66	180.90
0.66	182.40
0.66	237.60
0.66	199.20
0.66	195.60
0.66	193.50
0.66	199.50
0.66	190.50
0.66	173.10
0.66	198.00
0.66	192.00
0.66	199.80
0.66	222.00
0.66	208.80
0.66	236.10
0.66	192.30
0.66	339.30
0.66	232.80
0.66	190.20
0.66	200.40
0.66	177.90
0.66	219.60
0.66	178.80
0.66	198.90
0.66	221.10
0.66	202.80
0.66	189.90
0.66	278.70
0.66	195.90
0.66	197.10
0.66	209.40
0.66	201.90
0.66	194.40
0.66	177.60
0.66	211.80
0.66	228.60
0.66	204.30
0.66	182.10
0.66	187.50
0.66	206.40
0.66	203.40
0.66	220.50
0.66	208.80
0.68	198.60
0.68	223.50
0.68	207.90
0.68	192.90
0.68	241.80
0.68	194.40
0.68	193.20
0.68	222.30
0.68	195.90
0.68	187.20
0.68	227.70
0.68	219.30
0.68	190.80
0.68	202.80
0.68	280.50
0.68	199.20
0.68	188.10
0.68	186.90
0.68	186.60
0.68	337.20
0.68	224.40
0.68	189.90
0.68	200.70
0.68	180.60
0.68	183.60
0.68	182.70
0.68	182.10
0.68	207.30
0.68	192.00
0.68	222.60
0.68	200.10
0.68	192.90
0.68	195.90
0.68	188.40
0.68	174.90
0.68	172.50
0.68	232.50
0.68	211.80
0.68	198.90
0.68	187.80
0.68	201.00
0.68	192.90
0.68	206.40
0.68	191.10
0.68	213.60
0.68	180.60
0.68	218.10
0.68	212.40
0.68	191.40
0.68	188.70
0.68	210.00
0.68	218.40
0.68	223.20
0.68	185.10
0.68	201.00
0.68	219.00
0.68	192.30
0.68	192.30
0.68	187.50
0.68	229.20
0.68	183.90
0.68	196.20
0.68	193.80
0.68	201.60
0.68	186.90
0.68	190.80
0.68	194.10
0.68	220.50
0.68	200.10
0.68	179.70
0.68	179.40
0.68	208.50
0.68	192.30
0.68	189.30
0.68	276.60
0.68	226.20
0.68	182.40
0.68	259.20
0.68	197.70
0.68	189.90
0.68	183.00
0.68	192.00
0.68	245.70
0.68	195.30
0.68	217.20
0.68	197.70
0.68	176.70
0.68	215.40
0.68	191.10
0.68	225.30
0.68	210.90
0.68	216.00
0.68	180.90
0.68	195.30
0.68	362.10
0.68	204.00
0.68	199.50
0.68	224.40
0.68	207.00
0.68	220.50
0.70	223.80
0.70	188.10
0.70	195.00
0.70	190.80
0.70	203.70
0.70	224.70
0.70	181.50
0.70	198.60
0.70	180.90
0.70	211.80
0.70	197.70
0.70	189.00
0.70	185.70
0.70	207.00
0.70	193.80
0.70	220.20
0.70	209.70
0.70	175.50
0.70	207.30
0.70	256.80
0.70	189.00
0.70	181.20
0.70	192.30
0.70	195.00
0.70	189.30
0.70	204.00
0.70	193.80
0.70	222.00
0.70	206.40
0.70	226.20
0.70	183.90
0.70	199.20
0.70	250.80
0.70	202.20
0.70	201.90
0.70	200.40
0.70	189.90
0.70	216.60
0.70	204.90
0.70	180.00
0.70	222.00
0.70	199.20
0.70	216.60
0.70	218.40
0.70	202.20
0.70	177.90
0.70	190.20
0.70	182.10
0.70	171.00
0.70	236.10
0.70	193.80
0.70	214.20
0.70	187.50
0.70	204.90
0.70	239.70
0.70	188.10
0.70	193.80
0.70	216.60
0.70	203.10
0.70	198.60
0.70	210.60
0.70	192.00
0.70	198.30
0.70	206.10
0.70	198.30
0.70	198.60
0.70	222.30
0.70	184.20
0.70	211.20
0.70	218.70
0.70	216.60
0.70	197.70
0.70	170.40
0.70	188.10
0.70	203.40
0.70	207.90
0.70	225.30
0.70	181.50
0.70	346.20
0.70	251.10
0.70	243.30
0.70	174.60
0.70	206.70
0.70	184.20
0.70	216.90
0.70	195.30
0.70	204.90
0.70	172.80
0.70	216.30
0.70	225.60
0.70	216.90
0.70	223.20
0.70	206.70
0.70	183.60
0.70	362.70
0.70	182.10
0.70	184.20
0.70	192.60
0.70	194.10
0.70	218.40
0.72	195.00
0.72	183.00
0.72	202.50
0.72	171.30
0.72	193.80
0.72	206.10
0.72	194.40
0.72	186.60
0.72	188.70
0.72	212.10
0.72	207.00
0.72	197.10
0.72	194.10
0.72	201.30
0.72	191.10
0.72	195.00
0.72	206.70
0.72	194.10
0.72	208.50
0.72	185.70
0.72	221.10
0.72	192.30
0.72	186.60
0.72	192.60
0.72	178.80
0.72	180.30
0.72	185.40
0.72	229.20
0.72	204.30
0.72	288.00
0.72	183.60
0.72	234.90
0.72	206.40
0.72	180.00
0.72	185.70
0.72	250.50
0.72	197.40
0.72	209.70
0.72	193.20
0.72	204.30
0.72	198.30
0.72	193.20
0.72	213.60
0.72	217.50
0.72	194.70
0.72	197.40
0.72	215.10
0.72	205.80
0.72	192.00
0.72	217.20
0.72	235.20
0.72	219.90
0.72	218.40
0.72	171.00
0.72	180.30
0.72	217.80
0.72	171.00
0.72	224.10
0.72	198.00
0.72	243.00
0.72	217.20
0.72	176.10
0.72	185.40
0.72	191.10
0.72	180.00
0.72	192.90
0.72	191.70
0.72	223.50
0.72	193.80
0.72	199.80
0.72	196.20
0.72	232.80
0.72	174.90
0.72	194.70
0.72	202.50
0.72	182.10
0.72	192.90
0.72	232.80
0.72	195.90
0.72	233.40
0.72	212.40
0.72	201.90
0.72	198.60
0.72	204.60
0.72	185.70
0.72	187.80
0.72	206.70
0.72	194.40
0.72	187.20
0.72	188.40
0.72	234.00
0.72	208.20
0.72	171.30
0.72	220.20
0.72	190.20
0.72	210.60
0.72	242.40
0.72	177.90
0.72	206.40
0.72	215.10
0.74	208.80
0.74	193.50
0.74	209.10
0.74	209.70
0.74	210.90
0.74	206.70
0.74	186.00
0.74	348.00
0.74	346.20
0.74	201.90
0.74	210.60
0.74	192.90
0.74	180.00
0.74	180.90
0.74	209.40
0.74	252.60
0.74	182.70
0.74	182.40
0.74	182.70
0.74	204.60
0.74	190.50
0.74	208.50
0.74	217.50
0.74	223.80
0.74	237.60
0.74	184.20
0.74	201.90
0.74	201.00
0.74	186.90
0.74	193.80
0.74	186.00
0.74	257.40
0.74	192.00
0.74	220.80
0.74	214.50
0.74	197.40
0.74	193.80
0.74	216.00
0.74	174.30
0.74	205.20
0.74	206.10
0.74	218.40
0.74	177.90
0.74	209.40
0.74	215.70
0.74	174.90
0.74	186.30
0.74	195.60
0.74	199.80
0.74	210.90
0.74	180.60
0.74	224.70
0.74	198.60
0.74	197.10
0.74	206.70
0.74	202.80
0.74	206.40
0.74	203.10
0.74	187.50
0.74	199.20
0.74	192.90
0.74	194.10
0.74	195.60
0.74	209.10
0.74	216.90
0.74	207.60
0.74	198.90
0.74	221.40
0.74	186.30
0.74	183.30
0.74	181.50
0.74	252.60
0.74	216.00
0.74	193.80
0.74	225.00
0.74	209.40
0.74	211.20
0.74	187.80
0.74	170.70
0.74	212.10
0.74	188.10
0.74	196.50
0.74	179.70
0.74	215.40
0.74	221.70
0.74	186.90
0.74	230.70
0.74	193.80
0.74	201.30
0.74	173.10
0.74	196.80
0.74	204.00
0.74	204.00
0.74	249.00
0.74	231.90
0.74	264.60
0.74	189.90
0.74	210.30
0.74	195.90
0.74	218.10
0.76	213.00
0.76	204.90
0.76	179.40
0.76	186.60
0.76	214.80
0.76	301.20
0.76	216.30
0.76	200.10
0.76	214.20
0.76	263.10
0.76	173.70
0.76	192.90
0.76	200.10
0.76	192.60
0.76	209.10
0.76	188.40
0.76	214.80
0.76	170.40
0.76	183.90
0.76	202.20
0.76	207.90
0.76	198.60
0.76	210.00
0.76	191.40
0.76	171.90
0.76	177.60
0.76	177.60
0.76	211.20
0.76	192.30
0.76	216.60
0.76	193.50
0.76	177.00
0.76	184.50
0.76	189.90
0.76	186.90
0.76	186.60
0.76	218.40
0.76	197.70
0.76	207.30
0.76	193.50
0.76	186.00
0.76	232.80
0.76	176.70
0.76	204.60
0.76	182.70
0.76	191.70
0.76	336.00
0.76	195.90
0.76	203.40
0.76	203.10
0.76	180.30
0.76	228.60
0.76	206.10
0.76	220.80
0.76	198.60
0.76	189.90
0.76	179.10
0.76	192.00
0.76	209.10
0.76	236.10
0.76	206.40
0.76	194.70
0.76	209.40
0.76	208.20
0.76	205.80
0.76	204.90
0.76	203.70
0.76	199.80
0.76	382.20
0.76	181.20
0.76	185.10
0.76	222.30
0.76	187.50
0.76	197.10
0.76	198.90
0.76	207.30
0.76	189.30
0.76	181.80
0.76	190.20
0.76	189.90
0.76	187.20
0.76	253.50
0.76	213.90
0.76	201.30
0.76	215.70
0.76	202.50
0.76	194.40
0.76	206.70
0.76	189.90
0.76	187.50
0.76	212.40
0.76	186.60
0.76	244.50
0.76	197.10
0.76	193.80
0.76	253.20
0.76	177.60
0.76	177.30
0.76	218.40
0.76	218.10
0.78	233.40
0.78	187.50
0.78	222.60
0.78	194.10
0.78	272.70
0.78	195.30
0.78	197.70
0.78	195.90
0.78	198.60
0.78	192.90
0.78	201.90
0.78	182.40
0.78	254.40
0.78	185.40
0.78	213.00
0.78	195.90
0.78	172.80
0.78	187.80
0.78	192.90
0.78	196.80
0.78	210.90
0.78	183.30
0.78	209.70
0.78	210.30
0.78	202.50
0.78	202.20
0.78	196.80
0.78	180.00
0.78	222.30
0.78	193.50
0.78	263.40
0.78	208.20
0.78	221.40
0.78	214.20
0.78	253.80
0.78	234.00
0.78	204.90
0.78	198.00
0.78	190.80
0.78	212.40
0.78	199.20
0.78	199.20
0.78	219.60
0.78	171.00
0.78	246.00
0.78	209.40
0.78	189.60
0.78	194.10
0.78	213.90
0.78	186.90
0.78	171.30
0.78	196.20
0.78	204.90
0.78	229.80
0.78	191.40
0.78	192.00
0.78	200.10
0.78	236.10
0.78	222.00
0.78	172.20
0.78	208.80
0.78	217.20
0.78	242.70
0.78	189.60
0.78	177.00
0.78	214.50
0.78	203.40
0.78	246.00
0.78	193.80
0.78	193.50
0.78	169.50
0.78	222.60
0.78	206.10
0.78	236.70
0.78	186.60
0.78	234.60
0.78	192.00
0.78	204.00
0.78	222.60
0.78	215.70
0.78	180.00
0.78	208.50
0.78	263.40
0.78	225.00
0.78	183.00
0.78	229.20
0.78	216.60
0.78	208.20
0.78	203.40
0.78	204.60
0.78	283.50
0.78	207.30
0.78	177.60
0.78	226.80
0.78	226.80
0.78	189.90
0.78	217.20
0.78	180.00
0.78	228.60
0.78	193.20
0.80	237.00
0.80	191.40
0.80	189.60
0.80	176.40
0.80	233.40
0.80	229.20
0.80	243.30
0.80	192.00
0.80	195.90
0.80	189.60
0.80	267.90
0.80	199.80
0.80	186.00
0.80	176.70
0.80	177.60
0.80	207.60
0.80	195.30
0.80	176.70
0.80	186.60
0.80	209.40
0.80	230.10
0.80	231.60
0.80	193.50
0.80	211.80
0.80	211.80
0.80	183.60
0.80	202.50
0.80	237.00
0.80	244.80
0.80	267.30
0.80	178.80
0.80	234.30
0.80	174.00
0.80	195.00
0.80	215.40
0.80	201.60
0.80	205.80
0.80	222.00
0.80	180.30
0.80	188.70
0.80	196.20
0.80	210.30
0.80	192.90
0.80	333.90
0.80	265.80
0.80	183.00
0.80	220.20
0.80	203.40
0.80	215.40
0.80	186.30
0.80	196.80
0.80	182.10
0.80	235.50
0.80	192.30
0.80	178.80
0.80	207.90
0.80	196.20
0.80	231.90
0.80	242.40
0.80	183.60
0.80	215.40
0.80	188.10
0.80	198.30
0.80	180.60
0.80	196.50
0.80	201.00
0.80	209.10
0.80	189.90
0.80	181.20
0.80	204.90
0.80	202.80
0.80	177.00
0.80	185.10
0.80	189.00
0.80	191.40
0.80	210.90
0.80	183.30
0.80	194.70
0.80	211.50
0.80	208.50
0.80	204.60
0.80	209.40
0.80	207.00
0.80	189.30
0.80	237.60
0.80	176.40
0.80	190.50
0.80	185.10
0.80	174.30
0.80	265.80
0.80	194.40
0.80	213.00
0.80	203.70
0.80	224.40
0.80	176.70
0.80	174.30
0.80	199.20
0.80	184.80
0.80	214.20
0.80	187.20
0.82	244.80
0.82	198.00
0.82	203.40
0.82	193.20
0.82	198.90
0.82	193.20
0.82	181.50
0.82	195.00
0.82	199.50
0.82	221.40
0.82	193.80
0.82	218.40
0.82	171.90
0.82	204.60
0.82	180.90
0.82	211.50
0.82	215.10
0.82	225.30
0.82	237.00
0.82	202.20
0.82	184.50
0.82	227.40
0.82	236.70
0.82	234.90
0.82	201.30
0.82	191.40
0.82	258.60
0.82	230.70
0.82	185.10
0.82	224.40
0.82	183.60
0.82	200.10
0.82	202.50
0.82	217.80
0.82	215.40
0.82	185.10
0.82	215.10
0.82	187.80
0.82	194.40
0.82	200.10
0.82	200.40
0.82	198.00
0.82	188.10
0.82	245.10
0.82	230.40
0.82	201.90
0.82	194.10
0.82	206.40
0.82	200.10
0.82	183.30
0.82	199.50
0.82	205.20
0.82	234.90
0.82	186.30
0.82	209.40
0.82	177.90
0.82	189.90
0.82	196.20
0.82	228.90
0.82	215.40
0.82	215.10
0.82	194.40
0.82	185.10
0.82	240.30
0.82	183.30
0.82	208.80
0.82	317.70
0.82	203.40
0.82	195.60
0.82	179.10
0.82	185.10
0.82	224.40
0.82	192.90
0.82	202.80
0.82	220.50
0.82	184.20
0.82	219.30
0.82	194.10
0.82	186.90
0.82	210.60
0.82	225.30
0.82	227.70
0.82	222.90
0.82	184.80
0.82	198.60
0.82	221.70
0.82	228.00
0.82	175.80
0.82	207.30
0.82	174.90
0.82	198.00
0.82	216.30
0.82	198.60
0.82	230.70
0.82	177.00
0.82	220.50
0.82	191.70
0.82	208.50
0.82	218.70
0.82	192.30
0.84	212.70
0.84	194.70
0.84	187.80
0.84	198.60
0.84	200.10
0.84	185.40
0.84	215.40
0.84	226.20
0.84	213.90
0.84	224.10
0.84	187.20
0.84	217.20
0.84	174.60
0.84	215.10
0.84	172.50
0.84	181.20
0.84	187.20
0.84	208.20
0.84	206.10
0.84	192.90
0.84	188.40
0.84	177.30
0.84	195.30
0.84	227.70
0.84	198.60
0.84	199.20
0.84	189.30
0.84	190.80
0.84	225.90
0.84	195.30
0.84	186.00
0.84	195.90
0.84	194.70
0.84	377.40
0.84	232.50
0.84	238.50
0.84	287.10
0.84	222.00
0.84	189.90
0.84	207.00
0.84	191.40
0.84	189.30
0.84	197.70
0.84	199.50
0.84	194.10
0.84	201.60
0.84	172.80
0.84	189.60
0.84	214.20
0.84	237.90
0.84	192.60
0.84	264.00
0.84	198.60
0.84	191.10
0.84	185.70
0.84	199.80
0.84	185.10
0.84	217.80
0.84	188.70
0.84	226.80
0.84	344.10
0.84	208.80
0.84	207.60
0.84	208.50
0.84	184.20
0.84	173.40
0.84	173.40
0.84	186.90
0.84	210.90
0.84	201.60
0.84	199.80
0.84	213.00
0.84	211.50
0.84	236.40
0.84	199.80
0.84	216.90
0.84	213.30
0.84	203.40
0.84	195.60
0.84	202.80
0.84	195.00
0.84	177.00
0.84	224.70
0.84	203.10
0.84	187.50
0.84	211.50
0.84	175.80
0.84	231.60
0.84	218.10
0.84	191.40
0.84	228.00
0.84	203.70
0.84	217.80
0.84	185.40
0.84	226.20
0.84	207.30
0.84	190.80
0.84	180.00
0.84	215.70
0.84	206.10
0.86	197.40
0.86	304.20
0.86	237.00
0.86	241.50
0.86	200.10
0.86	196.80
0.86	216.30
0.86	195.30
0.86	199.50
0.86	189.00
0.86	203.40
0.86	215.40
0.86	182.70
0.86	208.50
0.86	174.00
0.86	292.80
0.86	241.50
0.86	211.20
0.86	199.50
0.86	238.80
0.86	176.40
0.86	255.60
0.86	201.30
0.86	204.90
0.86	203.10
0.86	171.00
0.86	195.90
0.86	196.80
0.86	221.40
0.86	204.90
0.86	201.30
0.86	216.00
0.86	178.80
0.86	216.60
0.86	205.50
0.86	184.80
0.86	199.50
0.86	193.20
0.86	247.50
0.86	219.60
0.86	179.40
0.86	204.30
0.86	225.00
0.86	253.20
0.86	193.50
0.86	197.10
0.86	213.90
0.86	242.70
0.86	209.70
0.86	204.00
0.86	208.50
0.86	208.50
0.86	214.20
0.86	189.30
0.86	199.20
0.86	228.00
0.86	180.60
0.86	192.90
0.86	201.30
0.86	205.50
0.86	191.70
0.86	213.30
0.86	209.70
0.86	192.90
0.86	183.30
0.86	201.90
0.86	206.70
0.86	224.40
0.86	193.80
0.86	189.30
0.86	211.50
0.86	217.50
0.86	189.30
0.86	196.50
0.86	207.90
0.86	181.80
0.86	204.60
0.86	208.50
0.86	206.70
0.86	220.50
0.86	218.10
0.86	214.20
0.86	203.10
0.86	194.10
0.86	196.80
0.86	184.80
0.86	215.40
0.86	174.30
0.86	187.50
0.86	184.50
0.86	212.40
0.86	204.60
0.86	194.40
0.86	225.00
0.86	193.50
0.86	177.90
0.86	217.80
0.86	227.10
0.86	177.30
0.86	210.60
0.88	246.60
0.88	223.20
0.88	240.00
0.88	254.70
0.88	198.60
0.88	214.20
0.88	188.70
0.88	220.20
0.88	185.10
0.88	242.40
0.88	190.20
0.88	191.40
0.88	173.10
0.88	192.30
0.88	180.30
0.88	187.80
0.88	197.10
0.88	219.00
0.88	224.10
0.88	226.20
0.88	203.10
0.88	318.90
0.88	200.40
0.88	193.80
0.88	192.90
0.88	230.10
0.88	220.80
0.88	206.40
0.88	224.10
0.88	189.30
0.88	236.70
0.88	196.50
0.88	188.40
0.88	198.30
0.88	188.40
0.88	260.70
0.88	212.40
0.88	223.20
0.88	204.60
0.88	236.10
0.88	194.40
0.88	226.20
0.88	218.70
0.88	186.60
0.88	197.10
0.88	185.40
0.88	204.30
0.88	218.40
0.88	205.20
0.88	180.60
0.88	196.50
0.88	206.40
0.88	299.70
0.88	214.20
0.88	201.90
0.88	195.60
0.88	220.80
0.88	189.60
0.88	183.90
0.88	399.30
0.88	210.30
0.88	217.50
0.88	198.60
0.88	208.80
0.88	181.20
0.88	236.10
0.88	234.60
0.88	187.50
0.88	198.30
0.88	250.20
0.88	207.30
0.88	283.20
0.88	202.50
0.88	200.10
0.88	234.00
0.88	190.20
0.88	184.20
0.88	204.90
0.88	216.30
0.88	198.30
0.88	215.40
0.88	209.40
0.88	201.00
0.88	203.10
0.88	198.00
0.88	203.40
0.88	192.30
0.88	261.00
0.88	197.10
0.88	187.20
0.88	231.00
0.88	212.40
0.88	229.50
0.88	185.40
0.88	199.20
0.88	197.70
0.88	220.50
0.88	204.30
0.88	189.90
0.88	234.60
0.90	190.50
0.90	215.40
0.90	190.20
0.90	195.90
0.90	184.80
0.90	204.60
0.90	201.00
0.90	208.50
0.90	228.30
0.90	189.30
0.90	213.00
0.90	191.10
0.90	185.10
0.90	184.80
0.90	177.00
0.90	191.70
0.90	223.80
0.90	185.70
0.90	200.10
0.90	221.40
0.90	206.70
0.90	210.30
0.90	176.40
0.90	204.30
0.90	216.90
0.90	176.40
0.90	194.10
0.90	194.40
0.90	183.00
0.90	200.10
0.90	219.30
0.90	189.30
0.90	176.40
0.90	208.20
0.90	207.00
0.90	243.60
0.90	203.40
0.90	208.50
0.90	308.10
0.90	189.60
0.90	181.20
0.90	226.50
0.90	229.50
0.90	200.40
0.90	187.20
0.90	220.50
0.90	203.10
0.90	194.40
0.90	184.20
0.90	179.10
0.90	195.60
0.90	182.10
0.90	211.20
0.90	188.70
0.90	205.80
0.90	221.10
0.90	178.80
0.90	175.20
0.90	223.80
0.90	192.00
0.90	230.10
0.90	185.40
0.90	183.60
0.90	262.80
0.90	178.20
0.90	180.90
0.90	201.90
0.90	181.20
0.90	226.20
0.90	259.20
0.90	211.20
0.90	222.90
0.90	216.60
0.90	215.40
0.90	187.80
0.90	210.60
0.90	220.80
0.90	216.30
0.90	216.90
0.90	213.90
0.90	194.10
0.90	208.80
0.90	195.90
0.90	213.30
0.90	220.20
0.90	192.60
0.90	236.40
0.90	204.60
0.90	194.70
0.90	221.70
0.90	185.40
0.90	258.00
0.90	199.20
0.90	194.40
0.90	200.40
0.90	226.20
0.90	185.40
0.90	180.60
0.90	182.70
0.90	208.20
0.92	249.60
0.92	208.20
0.92	210.00
0.92	196.80
0.92	197.70
0.92	218.70
0.92	198.90
0.92	205.20
0.92	206.70
0.92	219.00
0.92	235.80
0.92	204.90
0.92	261.90
0.92	197.10
0.92	201.30
0.92	201.00
0.92	194.10
0.92	217.80
0.92	193.80
0.92	217.20
0.92	181.20
0.92	200.70
0.92	203.10
0.92	208.20
0.92	181.80
0.92	194.70
0.92	201.90
0.92	275.10
0.92	232.50
0.92	207.60
0.92	196.50
0.92	186.90
0.92	189.60
0.92	224.10
0.92	226.50
0.92	226.80
0.92	219.60
0.92	216.60
0.92	213.00
0.92	201.60
0.92	231.90
0.92	197.10
0.92	202.80
0.92	243.30
0.92	184.50
0.92	194.10
0.92	185.40
0.92	208.20
0.92	234.30
0.92	218.40
0.92	255.60
0.92	206.10
0.92	217.80
0.92	209.40
0.92	200.40
0.92	199.50
0.92	217.20
0.92	203.10
0.92	177.90
0.92	175.50
0.92	194.10
0.92	223.80
0.92	204.60
0.92	224.10
0.92	214.80
0.92	217.20
0.92	181.80
0.92	186.30
0.92	223.50
0.92	231.00
0.92	189.90
0.92	215.10
0.92	206.40
0.92	178.80
0.92	208.50
0.92	201.30
0.92	220.80
0.92	217.20
0.92	175.50
0.92	213.00
0.92	231.90
0.92	198.30
0.92	193.20
0.92	197.70
0.92	219.00
0.92	245.40
0.92	186.00
0.92	211.80
0.92	196.80
0.92	186.30
0.92	180.60
0.92	196.20
0.92	188.10
0.92	222.90
0.92	181.80
0.92	209.70
0.92	182.10
0.92	206.10
0.92	217.20
0.92	206.40
0.94	194.10
0.94	182.10
0.94	217.80
0.94	250.50
0.94	205.20
0.94	214.80
0.94	214.20
0.94	231.90
0.94	236.10
0.94	207.00
0.94	204.30
0.94	199.20
0.94	201.30
0.94	200.10
0.94	179.70
0.94	204.90
0.94	200.70
0.94	190.80
0.94	209.10
0.94	189.60
0.94	215.10
0.94	178.20
0.94	201.30
0.94	179.70
0.94	203.10
0.94	210.00
0.94	207.30
0.94	218.10
0.94	200.70
0.94	222.30
0.94	196.80
0.94	214.80
0.94	185.10
0.94	225.30
0.94	203.40
0.94	239.10
0.94	195.30
0.94	248.70
0.94	189.30
0.94	209.40
0.94	240.30
0.94	215.70
0.94	227.70
0.94	182.70
0.94	236.40
0.94	192.60
0.94	242.40
0.94	229.50
0.94	209.40
0.94	216.60
0.94	170.40
0.94	190.50
0.94	184.80
0.94	205.50
0.94	196.80
0.94	226.80
0.94	215.70
0.94	191.10
0.94	213.30
0.94	195.60
0.94	191.10
0.94	207.30
0.94	208.20
0.94	186.30
0.94	232.20
0.94	236.70
0.94	186.60
0.94	215.70
0.94	197.10
0.94	214.80
0.94	229.80
0.94	218.70
0.94	177.30
0.94	177.30
0.94	214.80
0.94	192.60
0.94	184.20
0.94	213.00
0.94	258.00
0.94	196.80
0.94	213.00
0.94	213.60
0.94	183.90
0.94	199.20
0.94	208.50
0.94	180.90
0.94	174.90
0.94	229.20
0.94	214.80
0.94	218.10
0.94	207.30
0.94	198.60
0.94	194.10
0.94	182.70
0.94	198.30
0.94	188.70
0.94	212.70
0.94	223.50
0.94	213.90
0.94	208.50
0.96	214.80
0.96	214.50
0.96	204.30
0.96	194.10
0.96	210.00
0.96	193.20
0.96	225.60
0.96	225.30
0.96	222.30
0.96	195.00
0.96	211.20
0.96	306.00
0.96	222.90
0.96	183.60
0.96	186.30
0.96	199.20
0.96	252.30
0.96	255.60
0.96	196.50
0.96	210.60
0.96	192.60
0.96	194.10
0.96	195.00
0.96	201.90
0.96	228.00
0.96	231.00
0.96	210.30
0.96	213.30
0.96	203.70
0.96	199.80
0.96	202.50
0.96	190.50
0.96	180.30
0.96	216.60
0.96	262.20
0.96	263.70
0.96	204.90
0.96	224.10
0.96	178.20
0.96	190.20
0.96	200.70
0.96	204.60
0.96	188.10
0.96	179.10
0.96	184.20
0.96	205.50
0.96	208.50
0.96	212.40
0.96	209.40
0.96	193.20
0.96	175.20
0.96	219.60
0.96	221.10
0.96	228.30
0.96	224.10
0.96	186.60
0.96	223.50
0.96	196.50
0.96	219.90
0.96	196.20
0.96	186.00
0.96	184.20
0.96	230.70
0.96	183.30
0.96	196.50
0.96	207.30
0.96	213.60
0.96	226.20
0.96	198.30
0.96	188.70
0.96	229.50
0.96	212.40
0.96	186.60
0.96	209.70
0.96	200.40
0.96	233.10
0.96	194.10
0.96	195.60
0.96	219.60
0.96	180.90
0.96	219.00
0.96	217.80
0.96	240.90
0.96	203.70
0.96	310.80
0.96	194.40
0.96	196.80
0.96	226.50
0.96	257.70
0.96	190.80
0.96	171.30
0.96	230.70
0.96	213.00
0.96	201.90
0.96	200.10
0.96	190.80
0.96	205.50
0.96	191.70
0.96	215.10
0.96	187.20
0.98	221.10
0.98	212.70
0.98	231.60
0.98	195.60
0.98	222.90
0.98	217.80
0.98	236.40
0.98	189.00
0.98	276.30
0.98	220.20
0.98	192.00
0.98	212.70
0.98	222.90
0.98	231.00
0.98	185.40
0.98	245.70
0.98	191.10
0.98	191.10
0.98	215.40
0.98	239.10
0.98	219.30
0.98	203.70
0.98	207.90
0.98	198.00
0.98	226.20
0.98	219.00
0.98	216.00
0.98	187.50
0.98	299.70
0.98	204.90
0.98	180.90
0.98	207.90
0.98	211.50
0.98	214.80
0.98	203.70
0.98	223.50
0.98	208.20
0.98	192.60
0.98	196.20
0.98	194.40
0.98	221.10
0.98	190.50
0.98	239.10
0.98	204.00
0.98	224.10
0.98	213.00
0.98	213.90
0.98	202.80
0.98	223.20
0.98	184.50
0.98	186.00
0.98	233.10
0.98	228.00
0.98	211.50
0.98	234.90
0.98	196.80
0.98	190.80
0.98	186.60
0.98	213.30
0.98	214.20
0.98	199.50
0.98	184.50
0.98	186.00
0.98	241.50
0.98	217.80
0.98	205.80
0.98	255.60
0.98	234.90
0.98	206.70
0.98	231.30
0.98	216.60
0.98	197.70
0.98	234.30
0.98	190.80
0.98	189.00
0.98	251.40
0.98	171.90
0.98	225.30
0.98	192.90
0.98	184.80
0.98	217.20
0.98	211.20
0.98	203.10
0.98	181.20
0.98	216.90
0.98	212.40
0.98	190.20
0.98	201.30
0.98	202.80
0.98	205.80
0.98	198.90
0.98	195.30
0.98	214.80
0.98	225.00
0.98	212.10
0.98	194.70
0.98	237.00
0.98	180.90
0.98	198.60
0.98	216.00
