0.21	571.80
0.21	195.90
0.21	849.00
0.21	184.50
0.21	193.20
0.21	197.10
0.21	186.60
0.21	215.70
0.21	185.10
0.21	498.90
0.21	176.10
0.21	206.40
0.21	212.40
0.21	240.90
0.21	188.70
0.21	180.60
0.21	174.30
0.21	179.70
0.21	178.80
0.21	180.60
0.21	184.80
0.21	208.50
0.21	259.50
0.21	176.40
0.21	195.90
0.21	254.40
0.21	200.40
0.21	221.10
0.21	186.60
0.21	172.50
0.21	198.90
0.21	195.60
0.21	177.60
0.21	195.90
0.21	220.50
0.21	186.60
0.21	181.20
0.21	241.50
0.21	221.70
0.21	171.60
0.21	188.70
0.21	176.40
0.21	188.70
0.21	235.80
0.21	330.00
0.21	191.70
0.21	185.70
0.21	195.90
0.21	177.30
0.21	188.70
0.21	170.70
0.21	216.60
0.21	307.80
0.21	209.10
0.21	409.50
0.21	187.20
0.21	234.30
0.21	196.20
0.21	188.10
0.21	183.90
0.21	171.60
0.21	199.50
0.21	277.80
0.21	192.00
0.21	200.10
0.21	176.70
0.21	208.20
0.21	177.30
0.21	246.00
0.21	186.90
0.21	196.50
0.21	188.10
0.21	203.70
0.21	362.10
0.21	258.90
0.21	204.00
0.21	199.80
0.21	439.50
0.21	216.00
0.21	199.50
0.21	174.90
0.21	291.60
0.21	184.20
0.21	327.30
0.21	225.60
0.21	171.60
0.21	214.20
0.21	191.40
0.21	179.70
0.21	195.00
0.21	251.10
0.21	203.10
0.21	944.70
0.21	225.00
0.21	187.20
0.21	252.60
0.21	174.00
0.21	237.60
0.21	270.90
0.21	180.30
0.23	348.60
0.23	185.70
0.23	188.40
0.23	209.70
0.23	193.50
0.23	178.20
0.23	170.70
0.23	219.60
0.23	202.50
0.23	263.70
0.23	189.30
0.23	191.40
0.23	218.10
0.23	228.60
0.23	240.90
0.23	179.70
0.23	189.30
0.23	216.90
0.23	254.70
0.23	185.40
0.23	174.90
0.23	357.30
0.23	235.50
0.23	191.10
0.23	173.70
0.23	177.90
0.23	204.00
0.23	174.30
0.23	204.60
0.23	179.10
0.23	204.90
0.23	189.30
0.23	178.50
0.23	324.60
0.23	184.50
0.23	194.40
0.23	176.10
0.23	214.80
0.23	336.90
0.23	195.00
0.23	194.10
0.23	172.50
0.23	173.10
0.23	229.20
0.23	180.60
0.23	204.90
0.23	248.40
0.23	200.40
0.23	197.70
0.23	202.20
0.23	172.20
0.23	195.30
0.23	216.30
0.23	208.50
0.23	196.50
0.23	201.90
0.23	270.00
0.23	186.60
0.23	174.90
0.23	204.30
0.23	338.70
0.23	172.20
0.23	222.60
0.23	196.50
0.23	202.20
0.23	251.10
0.23	210.00
0.23	207.60
0.23	198.30
0.23	185.70
0.23	187.20
0.23	514.80
0.23	205.80
0.23	257.70
0.23	192.90
0.23	554.70
0.23	806.40
0.23	204.30
0.23	193.50
0.23	175.50
0.23	191.40
0.23	193.80
0.23	186.60
0.23	273.30
0.23	207.30
0.23	219.30
0.23	177.60
0.23	177.90
0.23	221.10
0.23	183.60
0.23	223.50
0.23	172.20
0.23	190.50
0.23	396.30
0.23	197.40
0.23	222.90
0.23	351.60
0.23	195.30
0.23	216.30
0.23	222.00
0.25	175.50
0.25	181.80
0.25	254.40
0.25	185.70
0.25	208.50
0.25	224.40
0.25	198.90
0.25	252.00
0.25	191.10
0.25	219.90
0.25	186.90
0.25	219.00
0.25	181.80
0.25	203.10
0.25	183.30
0.25	233.40
0.25	228.00
0.25	188.70
0.25	185.40
0.25	198.60
0.25	192.00
0.25	202.50
0.25	200.70
0.25	243.00
0.25	171.30
0.25	202.80
0.25	183.30
0.25	198.90
0.25	181.20
0.25	179.10
0.25	182.40
0.25	202.20
0.25	178.50
0.25	178.20
0.25	194.70
0.25	495.90
0.25	214.50
0.25	209.10
0.25	193.80
0.25	171.30
0.25	171.60
0.25	183.00
0.25	212.70
0.25	177.60
0.25	189.60
0.25	197.10
0.25	188.10
0.25	180.60
0.25	192.00
0.25	220.80
0.25	273.00
0.25	210.60
0.25	212.70
0.25	210.00
0.25	264.60
0.25	191.70
0.25	203.70
0.25	192.30
0.25	209.40
0.25	193.20
0.25	177.60
0.25	285.30
0.25	175.80
0.25	198.00
0.25	189.60
0.25	188.70
0.25	247.50
0.25	181.20
0.25	200.40
0.25	204.90
0.25	197.40
0.25	260.70
0.25	447.60
0.25	198.30
0.25	214.20
0.25	173.70
0.25	171.00
0.25	213.90
0.25	186.00
0.25	189.00
0.25	235.80
0.25	186.00
0.25	201.00
0.25	451.80
0.25	191.10
0.25	244.80
0.25	183.00
0.25	176.40
0.25	224.40
0.25	186.90
0.25	273.90
0.25	206.10
0.25	228.30
0.25	170.40
0.25	316.80
0.25	217.20
0.25	220.20
0.25	192.00
0.25	209.40
0.25	213.90
0.27	240.00
0.27	183.60
0.27	205.80
0.27	297.30
0.27	171.60
0.27	216.90
0.27	203.70
0.27	180.60
0.27	180.00
0.27	414.90
0.27	174.60
0.27	256.50
0.27	177.30
0.27	210.30
0.27	169.50
0.27	189.00
0.27	184.20
0.27	172.80
0.27	186.90
0.27	179.70
0.27	211.50
0.27	207.90
0.27	196.80
0.27	216.00
0.27	180.60
0.27	204.90
0.27	202.20
0.27	223.80
0.27	190.20
0.27	202.20
0.27	232.80
0.27	183.60
0.27	196.80
0.27	324.90
0.27	181.20
0.27	259.20
0.27	178.50
0.27	193.20
0.27	218.10
0.27	221.10
0.27	211.80
0.27	179.70
0.27	212.10
0.27	197.40
0.27	226.20
0.27	225.90
0.27	200.70
0.27	188.70
0.27	340.50
0.27	183.30
0.27	225.90
0.27	189.00
0.27	182.10
0.27	198.30
0.27	258.90
0.27	197.70
0.27	185.40
0.27	206.40
0.27	242.10
0.27	178.50
0.27	212.70
0.27	180.60
0.27	203.70
0.27	200.40
0.27	519.30
0.27	381.00
0.27	200.40
0.27	234.60
0.27	259.80
0.27	225.60
0.27	235.20
0.27	183.30
0.27	212.40
0.27	184.80
0.27	187.50
0.27	415.80
0.27	185.40
0.27	173.70
0.27	186.00
0.27	483.60
0.27	225.30
0.27	199.50
0.27	171.90
0.27	177.90
0.27	171.60
0.27	199.20
0.27	174.60
0.27	374.10
0.27	190.50
0.27	185.10
0.27	218.40
0.27	309.60
0.27	182.10
0.27	206.40
0.27	185.40
0.27	250.80
0.27	196.50
0.27	175.20
0.27	186.60
0.27	181.20
0.29	199.20
0.29	219.30
0.29	210.90
0.29	189.90
0.29	322.20
0.29	170.40
0.29	201.00
0.29	171.90
0.29	174.90
0.29	186.90
0.29	201.30
0.29	182.10
0.29	191.40
0.29	200.10
0.29	191.40
0.29	178.20
0.29	174.00
0.29	191.40
0.29	190.50
0.29	179.70
0.29	177.30
0.29	185.40
0.29	185.40
0.29	184.50
0.29	217.80
0.29	311.40
0.29	179.70
0.29	261.00
0.29	239.40
0.29	174.90
0.29	226.50
0.29	216.00
0.29	195.30
0.29	199.80
0.29	169.50
0.29	190.50
0.29	180.60
0.29	176.10
0.29	175.20
0.29	190.50
0.29	204.90
0.29	198.30
0.29	180.30
0.29	195.30
0.29	195.00
0.29	198.30
0.29	301.50
0.29	204.60
0.29	205.80
0.29	210.90
0.29	231.30
0.29	183.90
0.29	233.40
0.29	181.50
0.29	177.90
0.29	185.70
0.29	179.70
0.29	194.40
0.29	188.40
0.29	177.30
0.29	183.90
0.29	234.90
0.29	194.70
0.29	181.80
0.29	171.30
0.29	171.60
0.29	175.80
0.29	207.60
0.29	213.30
0.29	184.50
0.29	171.90
0.29	235.50
0.29	184.80
0.29	210.90
0.29	171.30
0.29	178.50
0.29	198.00
0.29	199.50
0.29	188.40
0.29	192.60
0.29	204.30
0.29	205.50
0.29	185.10
0.29	183.30
0.29	183.60
0.29	179.40
0.29	179.10
0.29	210.00
0.29	174.90
0.29	174.30
0.29	188.10
0.29	177.30
0.29	174.90
0.29	201.90
0.29	195.00
0.29	195.90
0.29	217.20
0.29	176.70
0.29	187.80
0.29	210.30
0.31	186.90
0.31	306.60
0.31	187.20
0.31	213.30
0.31	206.70
0.31	170.70
0.31	178.80
0.31	175.80
0.31	208.20
0.31	193.80
0.31	171.00
0.31	193.20
0.31	220.20
0.31	241.50
0.31	215.70
0.31	494.10
0.31	225.00
0.31	199.80
0.31	173.40
0.31	196.50
0.31	248.40
0.31	208.20
0.31	212.10
0.31	172.20
0.31	216.30
0.31	177.00
0.31	203.10
0.31	341.40
0.31	218.10
0.31	179.40
0.31	186.00
0.31	170.40
0.31	179.70
0.31	187.50
0.31	219.30
0.31	171.30
0.31	311.10
0.31	206.70
0.31	210.30
0.31	208.80
0.31	198.90
0.31	171.30
0.31	170.70
0.31	203.40
0.31	312.60
0.31	199.50
0.31	170.70
0.31	197.70
0.31	175.20
0.31	234.90
0.31	186.90
0.31	219.60
0.31	184.50
0.31	187.50
0.31	182.70
0.31	202.80
0.31	191.40
0.31	174.90
0.31	228.00
0.31	198.60
0.31	217.20
0.31	190.20
0.31	177.60
0.31	244.80
0.31	178.80
0.31	200.70
0.31	171.00
0.31	249.30
0.31	334.80
0.31	194.10
0.31	191.10
0.31	188.70
0.31	278.40
0.31	207.90
0.31	183.60
0.31	175.80
0.31	197.40
0.31	180.90
0.31	326.10
0.31	522.60
0.31	204.00
0.31	183.00
0.31	192.30
0.31	208.20
0.31	181.20
0.31	182.10
0.31	206.70
0.31	221.40
0.31	201.30
0.31	231.60
0.31	186.00
0.31	194.10
0.31	171.60
0.31	180.00
0.31	230.10
0.31	266.10
0.31	183.00
0.31	207.90
0.31	501.90
0.31	201.30
0.33	207.30
0.33	220.80
0.33	216.90
0.33	234.60
0.33	189.00
0.33	214.80
0.33	193.20
0.33	231.90
0.33	175.20
0.33	210.90
0.33	176.70
0.33	184.50
0.33	206.10
0.33	194.40
0.33	205.50
0.33	182.40
0.33	173.10
0.33	209.70
0.33	206.70
0.33	200.10
0.33	173.70
0.33	180.60
0.33	195.60
0.33	197.10
0.33	222.60
0.33	216.90
0.33	198.30
0.33	215.70
0.33	195.90
0.33	204.30
0.33	184.80
0.33	198.90
0.33	214.50
0.33	176.70
0.33	175.20
0.33	201.60
0.33	418.80
0.33	180.60
0.33	353.40
0.33	215.40
0.33	198.90
0.33	179.10
0.33	214.20
0.33	203.10
0.33	169.80
0.33	180.90
0.33	195.30
0.33	201.90
0.33	189.30
0.33	206.70
0.33	176.40
0.33	236.70
0.33	193.50
0.33	171.30
0.33	194.10
0.33	273.60
0.33	214.80
0.33	197.10
0.33	220.50
0.33	199.80
0.33	199.20
0.33	222.00
0.33	532.80
0.33	197.40
0.33	178.80
0.33	202.50
0.33	207.60
0.33	217.50
0.33	202.20
0.33	182.10
0.33	171.90
0.33	202.20
0.33	463.20
0.33	189.90
0.33	267.90
0.33	198.60
0.33	196.20
0.33	186.00
0.33	213.30
0.33	173.70
0.33	390.90
0.33	255.60
0.33	228.30
0.33	212.70
0.33	179.70
0.33	190.50
0.33	216.00
0.33	174.60
0.33	201.00
0.33	189.30
0.33	203.70
0.33	189.00
0.33	250.20
0.33	176.10
0.33	177.00
0.33	177.90
0.33	212.70
0.33	197.40
0.33	185.10
0.33	330.90
0.35	187.50
0.35	246.30
0.35	212.40
0.35	182.10
0.35	172.80
0.35	363.90
0.35	189.30
0.35	351.00
0.35	194.70
0.35	180.90
0.35	193.80
0.35	172.80
0.35	208.80
0.35	219.60
0.35	182.70
0.35	186.30
0.35	181.20
0.35	198.00
0.35	238.20
0.35	189.60
0.35	210.90
0.35	178.80
0.35	201.90
0.35	257.70
0.35	189.60
0.35	212.10
0.35	183.00
0.35	176.40
0.35	220.50
0.35	217.20
0.35	301.50
0.35	231.00
0.35	201.60
0.35	201.30
0.35	194.10
0.35	204.30
0.35	175.20
0.35	281.10
0.35	198.30
0.35	204.00
0.35	211.80
0.35	179.70
0.35	228.30
0.35	191.40
0.35	242.70
0.35	200.70
0.35	172.80
0.35	176.10
0.35	177.90
0.35	195.00
0.35	202.50
0.35	209.70
0.35	196.50
0.35	225.90
0.35	224.10
0.35	196.20
0.35	193.50
0.35	192.00
0.35	212.40
0.35	191.10
0.35	182.10
0.35	368.40
0.35	405.00
0.35	201.60
0.35	204.60
0.35	198.90
0.35	211.20
0.35	214.20
0.35	185.10
0.35	195.90
0.35	207.30
0.35	207.00
0.35	187.20
0.35	180.90
0.35	170.10
0.35	197.10
0.35	193.80
0.35	223.20
0.35	180.30
0.35	208.20
0.35	182.10
0.35	200.10
0.35	253.20
0.35	184.20
0.35	187.50
0.35	238.80
0.35	190.20
0.35	188.10
0.35	233.40
0.35	213.30
0.35	244.80
0.35	201.90
0.35	200.70
0.35	184.50
0.35	182.40
0.35	207.90
0.35	183.60
0.35	191.10
0.35	189.00
0.35	209.70
0.37	211.50
0.37	220.20
0.37	246.00
0.37	213.60
0.37	202.80
0.37	208.50
0.37	186.90
0.37	179.10
0.37	208.80
0.37	212.40
0.37	184.50
0.37	169.80
0.37	195.60
0.37	186.90
0.37	194.70
0.37	171.60
0.37	188.40
0.37	221.70
0.37	192.60
0.37	198.00
0.37	281.40
0.37	205.80
0.37	194.40
0.37	180.90
0.37	186.30
0.37	183.90
0.37	200.40
0.37	211.20
0.37	174.00
0.37	259.20
0.37	189.30
0.37	179.70
0.37	239.10
0.37	204.90
0.37	221.40
0.37	177.00
0.37	212.10
0.37	183.90
0.37	220.80
0.37	210.60
0.37	182.10
0.37	189.60
0.37	188.10
0.37	213.60
0.37	187.20
0.37	207.00
0.37	205.20
0.37	194.70
0.37	262.50
0.37	199.20
0.37	217.20
0.37	187.20
0.37	270.90
0.37	202.20
0.37	195.30
0.37	235.80
0.37	213.00
0.37	205.50
0.37	206.70
0.37	236.70
0.37	186.60
0.37	220.20
0.37	203.70
0.37	206.70
0.37	189.90
0.37	196.80
0.37	190.80
0.37	196.80
0.37	191.10
0.37	186.30
0.37	173.70
0.37	184.80
0.37	358.80
0.37	174.90
0.37	277.20
0.37	184.50
0.37	194.40
0.37	206.70
0.37	181.80
0.37	212.10
0.37	208.20
0.37	195.30
0.37	203.10
0.37	183.30
0.37	186.90
0.37	245.40
0.37	186.30
0.37	189.30
0.37	176.40
0.37	429.00
0.37	174.60
0.37	185.40
0.37	174.00
0.37	196.50
0.37	188.70
0.37	196.50
0.37	195.00
0.37	218.10
0.37	181.50
0.37	186.60
0.39	193.20
0.39	185.70
0.39	187.80
0.39	198.90
0.39	192.60
0.39	197.70
0.39	173.70
0.39	195.00
0.39	193.20
0.39	194.40
0.39	187.80
0.39	200.40
0.39	194.40
0.39	447.30
0.39	183.30
0.39	215.70
0.39	181.20
0.39	179.70
0.39	188.10
0.39	262.80
0.39	198.90
0.39	206.70
0.39	197.70
0.39	181.20
0.39	188.70
0.39	496.20
0.39	185.40
0.39	195.30
0.39	198.00
0.39	178.20
0.39	182.40
0.39	170.70
0.39	191.10
0.39	239.10
0.39	211.20
0.39	190.50
0.39	196.20
0.39	401.70
0.39	184.20
0.39	170.10
0.39	243.60
0.39	177.00
0.39	194.70
0.39	207.00
0.39	224.10
0.39	195.00
0.39	193.20
0.39	201.00
0.39	178.20
0.39	212.70
0.39	174.30
0.39	178.20
0.39	285.30
0.39	185.70
0.39	214.50
0.39	222.00
0.39	198.00
0.39	204.60
0.39	216.90
0.39	454.80
0.39	204.60
0.39	247.50
0.39	234.90
0.39	194.70
0.39	183.30
0.39	260.10
0.39	168.90
0.39	201.90
0.39	180.30
0.39	205.80
0.39	207.60
0.39	174.00
0.39	190.20
0.39	225.90
0.39	189.30
0.39	210.30
0.39	222.00
0.39	179.10
0.39	210.60
0.39	182.10
0.39	173.10
0.39	191.40
0.39	180.30
0.39	187.20
0.39	181.20
0.39	203.70
0.39	213.30
0.39	180.00
0.39	201.90
0.39	206.40
0.39	180.90
0.39	173.70
0.39	184.80
0.39	527.40
0.39	230.70
0.39	200.40
0.39	197.40
0.39	170.70
0.39	180.60
0.39	180.30
0.41	183.60
0.41	181.80
0.41	174.00
0.41	175.50
0.41	178.50
0.41	232.80
0.41	173.40
0.41	286.80
0.41	205.50
0.41	177.30
0.41	215.70
0.41	170.70
0.41	220.20
0.41	191.70
0.41	365.70
0.41	210.90
0.41	203.10
0.41	210.30
0.41	169.20
0.41	351.60
0.41	209.70
0.41	226.20
0.41	208.80
0.41	176.10
0.41	191.10
0.41	210.60
0.41	181.80
0.41	213.90
0.41	171.60
0.41	174.90
0.41	189.60
0.41	213.00
0.41	191.10
0.41	213.90
0.41	179.10
0.41	222.30
0.41	202.50
0.41	485.70
0.41	220.20
0.41	193.50
0.41	174.60
0.41	207.60
0.41	199.50
0.41	182.40
0.41	233.10
0.41	180.90
0.41	195.00
0.41	180.30
0.41	196.50
0.41	177.90
0.41	176.10
0.41	201.90
0.41	232.20
0.41	368.40
0.41	178.50
0.41	348.00
0.41	221.10
0.41	171.60
0.41	206.70
0.41	215.10
0.41	181.20
0.41	177.60
0.41	204.00
0.41	201.30
0.41	174.30
0.41	199.80
0.41	192.30
0.41	195.90
0.41	257.10
0.41	214.80
0.41	186.90
0.41	190.50
0.41	210.30
0.41	234.30
0.41	200.40
0.41	193.20
0.41	192.90
0.41	183.30
0.41	202.80
0.41	207.30
0.41	223.20
0.41	212.10
0.41	169.80
0.41	208.20
0.41	236.70
0.41	218.10
0.41	392.40
0.41	178.20
0.41	180.60
0.41	289.20
0.41	181.80
0.41	185.40
0.41	200.10
0.41	182.40
0.41	204.90
0.41	181.50
0.41	186.90
0.41	289.20
0.41	175.50
0.41	212.40
0.43	213.30
0.43	183.90
0.43	208.50
0.43	205.80
0.43	172.20
0.43	492.90
0.43	214.50
0.43	204.60
0.43	181.20
0.43	211.50
0.43	174.30
0.43	189.30
0.43	203.40
0.43	174.90
0.43	200.70
0.43	301.20
0.43	188.10
0.43	184.20
0.43	276.60
0.43	190.80
0.43	236.40
0.43	195.60
0.43	278.70
0.43	172.20
0.43	188.10
0.43	194.40
0.43	207.90
0.43	206.10
0.43	181.20
0.43	193.20
0.43	194.10
0.43	267.30
0.43	185.10
0.43	183.00
0.43	216.90
0.43	204.30
0.43	178.80
0.43	203.40
0.43	171.90
0.43	199.50
0.43	241.50
0.43	180.30
0.43	207.60
0.43	212.70
0.43	192.60
0.43	189.30
0.43	207.90
0.43	190.50
0.43	171.30
0.43	183.60
0.43	228.30
0.43	217.20
0.43	182.70
0.43	372.60
0.43	202.80
0.43	207.00
0.43	169.50
0.43	225.00
0.43	218.40
0.43	240.00
0.43	369.00
0.43	209.10
0.43	208.20
0.43	190.20
0.43	233.40
0.43	201.90
0.43	207.60
0.43	211.50
0.43	191.70
0.43	206.70
0.43	182.70
0.43	202.80
0.43	184.20
0.43	304.20
0.43	179.40
0.43	211.20
0.43	178.50
0.43	195.30
0.43	183.60
0.43	189.00
0.43	197.40
0.43	209.10
0.43	174.60
0.43	220.80
0.43	186.90
0.43	170.70
0.43	185.40
0.43	196.50
0.43	186.30
0.43	174.90
0.43	190.80
0.43	204.30
0.43	244.20
0.43	197.40
0.43	213.30
0.43	190.50
0.43	189.00
0.43	248.70
0.43	202.20
0.43	194.10
0.45	217.80
0.45	243.60
0.45	189.60
0.45	184.50
0.45	182.10
0.45	210.30
0.45	380.40
0.45	208.80
0.45	186.90
0.45	206.70
0.45	188.40
0.45	207.60
0.45	178.50
0.45	180.60
0.45	193.20
0.45	176.40
0.45	178.80
0.45	273.90
0.45	213.00
0.45	204.60
0.45	171.60
0.45	203.10
0.45	192.90
0.45	174.60
0.45	218.10
0.45	179.10
0.45	185.10
0.45	187.20
0.45	189.30
0.45	195.00
0.45	176.40
0.45	192.90
0.45	194.40
0.45	204.00
0.45	186.90
0.45	381.60
0.45	194.70
0.45	182.40
0.45	194.10
0.45	197.40
0.45	183.00
0.45	184.80
0.45	207.60
0.45	202.80
0.45	192.30
0.45	191.70
0.45	170.70
0.45	256.20
0.45	199.20
0.45	193.50
0.45	180.00
0.45	211.50
0.45	176.10
0.45	186.90
0.45	186.60
0.45	184.50
0.45	365.70
0.45	182.10
0.45	212.40
0.45	221.40
0.45	227.70
0.45	191.70
0.45	194.70
0.45	212.40
0.45	202.50
0.45	182.10
0.45	177.30
0.45	206.40
0.45	205.80
0.45	180.30
0.45	208.80
0.45	186.60
0.45	188.10
0.45	180.00
0.45	186.00
0.45	211.50
0.45	195.90
0.45	320.70
0.45	181.50
0.45	198.00
0.45	196.50
0.45	182.70
0.45	175.50
0.45	237.00
0.45	181.80
0.45	199.80
0.45	180.60
0.45	188.70
0.45	217.80
0.45	219.90
0.45	192.60
0.45	201.00
0.45	178.20
0.45	197.40
0.45	197.70
0.45	183.00
0.45	238.50
0.45	220.20
0.45	192.60
0.45	190.20
0.47	191.70
0.47	198.90
0.47	189.90
0.47	178.80
0.47	170.70
0.47	301.20
0.47	378.60
0.47	208.20
0.47	230.10
0.47	204.90
0.47	207.30
0.47	178.50
0.47	204.60
0.47	206.10
0.47	194.40
0.47	218.40
0.47	174.60
0.47	195.90
0.47	180.60
0.47	174.60
0.47	250.50
0.47	230.10
0.47	192.30
0.47	204.60
0.47	186.30
0.47	191.10
0.47	203.40
0.47	196.20
0.47	196.50
0.47	184.50
0.47	212.70
0.47	192.00
0.47	189.60
0.47	180.00
0.47	186.00
0.47	215.10
0.47	212.70
0.47	189.30
0.47	187.20
0.47	177.00
0.47	211.20
0.47	185.70
0.47	191.70
0.47	183.90
0.47	222.30
0.47	193.50
0.47	205.50
0.47	183.00
0.47	196.50
0.47	203.70
0.47	182.40
0.47	180.90
0.47	178.50
0.47	189.30
0.47	219.60
0.47	193.50
0.47	200.10
0.47	205.50
0.47	207.30
0.47	288.30
0.47	206.10
0.47	221.10
0.47	192.00
0.47	174.60
0.47	395.40
0.47	221.40
0.47	225.60
0.47	181.20
0.47	204.30
0.47	198.90
0.47	217.50
0.47	224.70
0.47	336.00
0.47	207.30
0.47	265.20
0.47	209.40
0.47	186.90
0.47	201.90
0.47	340.20
0.47	186.60
0.47	225.30
0.47	206.10
0.47	205.50
0.47	194.70
0.47	178.20
0.47	209.10
0.47	174.00
0.47	243.60
0.47	176.70
0.47	227.70
0.47	217.80
0.47	173.10
0.47	188.40
0.47	182.70
0.47	187.80
0.47	203.10
0.47	190.20
0.47	179.70
0.47	223.50
0.47	202.20
0.49	190.50
0.49	187.20
0.49	191.10
0.49	205.80
0.49	188.40
0.49	179.10
0.49	385.20
0.49	215.40
0.49	192.60
0.49	222.30
0.49	219.60
0.49	176.70
0.49	190.50
0.49	220.50
0.49	236.10
0.49	175.50
0.49	193.80
0.49	178.80
0.49	184.80
0.49	171.30
0.49	209.10
0.49	177.60
0.49	207.00
0.49	229.20
0.49	196.20
0.49	202.20
0.49	197.10
0.49	194.40
0.49	196.80
0.49	205.20
0.49	209.40
0.49	199.50
0.49	196.20
0.49	274.80
0.49	195.90
0.49	200.10
0.49	210.90
0.49	172.80
0.49	196.20
0.49	242.40
0.49	195.90
0.49	200.10
0.49	186.60
0.49	187.80
0.49	183.00
0.49	182.70
0.49	179.70
0.49	180.30
0.49	230.40
0.49	205.80
0.49	224.40
0.49	205.20
0.49	185.10
0.49	170.70
0.49	213.90
0.49	187.20
0.49	223.80
0.49	176.70
0.49	228.60
0.49	177.60
0.49	176.70
0.49	187.50
0.49	203.10
0.49	172.80
0.49	184.20
0.49	240.90
0.49	192.60
0.49	225.30
0.49	231.00
0.49	235.80
0.49	211.20
0.49	193.80
0.49	215.10
0.49	214.50
0.49	207.90
0.49	283.20
0.49	177.90
0.49	175.50
0.49	177.00
0.49	205.20
0.49	195.60
0.49	193.80
0.49	294.90
0.49	190.50
0.49	197.10
0.49	213.30
0.49	187.20
0.49	371.10
0.49	186.60
0.49	251.40
0.49	186.00
0.49	334.80
0.49	189.00
0.49	199.50
0.49	172.80
0.49	180.60
0.49	180.60
0.49	193.20
0.49	246.30
0.49	435.30
0.51	228.30
0.51	180.60
0.51	185.10
0.51	216.60
0.51	227.10
0.51	190.50
0.51	183.90
0.51	206.40
0.51	195.60
0.51	225.60
0.51	231.60
0.51	217.80
0.51	225.90
0.51	235.20
0.51	242.40
0.51	174.60
0.51	201.00
0.51	186.30
0.51	174.90
0.51	210.60
0.51	195.00
0.51	192.90
0.51	248.40
0.51	184.50
0.51	303.30
0.51	207.90
0.51	185.10
0.51	209.40
0.51	180.90
0.51	208.20
0.51	192.90
0.51	195.90
0.51	187.50
0.51	185.40
0.51	177.60
0.51	184.50
0.51	189.90
0.51	195.30
0.51	285.90
0.51	209.40
0.51	198.60
0.51	202.50
0.51	202.50
0.51	179.40
0.51	170.10
0.51	243.90
0.51	198.90
0.51	206.70
0.51	201.90
0.51	176.70
0.51	196.80
0.51	183.90
0.51	176.70
0.51	211.50
0.51	171.60
0.51	189.60
0.51	199.50
0.51	175.20
0.51	222.00
0.51	202.80
0.51	213.00
0.51	188.70
0.51	175.80
0.51	198.60
0.51	185.40
0.51	218.10
0.51	223.50
0.51	178.50
0.51	196.50
0.51	183.00
0.51	204.60
0.51	180.90
0.51	220.20
0.51	186.00
0.51	178.80
0.51	181.20
0.51	219.60
0.51	185.70
0.51	211.20
0.51	228.60
0.51	202.80
0.51	207.00
0.51	182.40
0.51	225.90
0.51	217.50
0.51	206.40
0.51	186.30
0.51	186.90
0.51	211.50
0.51	187.80
0.51	172.20
0.51	212.70
0.51	188.10
0.51	252.00
0.51	214.20
0.51	174.90
0.51	221.10
0.51	261.00
0.51	197.40
0.51	192.90
0.53	188.10
0.53	204.00
0.53	192.90
0.53	172.80
0.53	238.80
0.53	202.50
0.53	177.90
0.53	242.40
0.53	201.30
0.53	192.00
0.53	204.30
0.53	172.20
0.53	212.70
0.53	187.50
0.53	186.00
0.53	261.00
0.53	193.80
0.53	321.00
0.53	224.10
0.53	189.90
0.53	210.30
0.53	223.80
0.53	236.10
0.53	225.60
0.53	184.80
0.53	204.30
0.53	195.60
0.53	179.40
0.53	214.50
0.53	211.80
0.53	210.30
0.53	354.90
0.53	190.50
0.53	221.70
0.53	368.10
0.53	204.00
0.53	193.50
0.53	459.90
0.53	204.90
0.53	218.70
0.53	187.50
0.53	188.10
0.53	210.90
0.53	190.50
0.53	226.50
0.53	181.20
0.53	195.90
0.53	215.10
0.53	228.00
0.53	190.20
0.53	180.90
0.53	181.80
0.53	182.40
0.53	209.70
0.53	192.90
0.53	176.10
0.53	181.20
0.53	189.00
0.53	185.10
0.53	260.40
0.53	195.00
0.53	198.30
0.53	191.40
0.53	175.80
0.53	184.80
0.53	187.20
0.53	188.70
0.53	186.30
0.53	215.10
0.53	230.70
0.53	187.50
0.53	201.30
0.53	186.30
0.53	174.60
0.53	203.40
0.53	178.80
0.53	219.60
0.53	226.80
0.53	201.60
0.53	199.50
0.53	201.30
0.53	170.10
0.53	192.60
0.53	197.70
0.53	181.80
0.53	203.10
0.53	215.70
0.53	178.20
0.53	358.80
0.53	188.40
0.53	211.50
0.53	185.70
0.53	187.80
0.53	198.90
0.53	182.70
0.53	186.60
0.53	185.40
0.53	180.30
0.53	201.00
0.53	223.20
0.55	226.50
0.55	196.80
0.55	177.60
0.55	217.80
0.55	194.40
0.55	189.90
0.55	187.20
0.55	192.30
0.55	237.90
0.55	170.70
0.55	189.00
0.55	198.60
0.55	179.40
0.55	185.70
0.55	191.40
0.55	205.20
0.55	191.10
0.55	220.20
0.55	175.80
0.55	171.90
0.55	256.20
0.55	178.50
0.55	180.90
0.55	185.40
0.55	249.30
0.55	210.90
0.55	200.40
0.55	227.70
0.55	180.90
0.55	201.30
0.55	222.30
0.55	170.40
0.55	200.40
0.55	199.50
0.55	188.70
0.55	178.80
0.55	193.80
0.55	198.00
0.55	200.10
0.55	205.50
0.55	190.80
0.55	184.80
0.55	183.30
0.55	202.80
0.55	222.90
0.55	198.90
0.55	215.70
0.55	192.60
0.55	187.50
0.55	174.60
0.55	183.30
0.55	198.00
0.55	206.70
0.55	206.70
0.55	179.70
0.55	264.00
0.55	239.40
0.55	224.70
0.55	186.60
0.55	176.40
0.55	197.40
0.55	267.60
0.55	187.50
0.55	207.30
0.55	205.20
0.55	198.30
0.55	225.30
0.55	172.50
0.55	234.60
0.55	221.70
0.55	228.00
0.55	248.40
0.55	203.40
0.55	191.70
0.55	177.90
0.55	197.10
0.55	201.60
0.55	181.50
0.55	180.60
0.55	243.30
0.55	185.10
0.55	184.20
0.55	178.20
0.55	193.80
0.55	232.50
0.55	175.50
0.55	193.20
0.55	194.40
0.55	207.30
0.55	206.70
0.55	200.70
0.55	180.60
0.55	215.10
0.55	187.50
0.55	182.40
0.55	176.70
0.55	212.40
0.55	186.30
0.55	177.30
0.55	269.10
0.57	189.90
0.57	188.10
0.57	246.60
0.57	188.70
0.57	210.60
0.57	204.30
0.57	179.10
0.57	171.30
0.57	180.60
0.57	314.70
0.57	220.50
0.57	212.10
0.57	178.50
0.57	180.90
0.57	189.00
0.57	192.00
0.57	373.50
0.57	196.20
0.57	198.00
0.57	172.50
0.57	191.70
0.57	199.20
0.57	170.10
0.57	189.00
0.57	206.70
0.57	196.50
0.57	250.80
0.57	202.20
0.57	235.20
0.57	211.20
0.57	200.40
0.57	197.70
0.57	243.60
0.57	238.20
0.57	177.00
0.57	201.00
0.57	220.80
0.57	202.50
0.57	199.50
0.57	219.30
0.57	233.10
0.57	228.00
0.57	186.00
0.57	199.80
0.57	198.90
0.57	185.40
0.57	185.40
0.57	175.80
0.57	211.80
0.57	186.00
0.57	193.50
0.57	177.00
0.57	187.20
0.57	194.40
0.57	177.30
0.57	200.10
0.57	180.00
0.57	190.50
0.57	192.00
0.57	180.00
0.57	213.00
0.57	198.90
0.57	203.10
0.57	183.90
0.57	214.80
0.57	182.10
0.57	174.60
0.57	186.30
0.57	212.70
0.57	198.60
0.57	266.70
0.57	174.30
0.57	187.20
0.57	176.10
0.57	196.80
0.57	189.30
0.57	175.80
0.57	199.20
0.57	185.70
0.57	183.30
0.57	194.70
0.57	199.80
0.57	198.00
0.57	206.10
0.57	180.30
0.57	201.60
0.57	177.90
0.57	196.20
0.57	197.10
0.57	196.80
0.57	262.80
0.57	181.50
0.57	211.80
0.57	187.20
0.57	204.60
0.57	210.90
0.57	192.30
0.57	186.90
0.57	194.70
0.57	216.90
0.59	241.20
0.59	224.10
0.59	170.40
0.59	178.20
0.59	215.70
0.59	199.80
0.59	189.60
0.59	205.20
0.59	255.30
0.59	189.90
0.59	199.50
0.59	190.20
0.59	181.50
0.59	195.60
0.59	174.30
0.59	185.40
0.59	193.50
0.59	205.20
0.59	203.10
0.59	193.80
0.59	172.80
0.59	194.70
0.59	185.10
0.59	193.20
0.59	177.90
0.59	211.20
0.59	185.10
0.59	172.20
0.59	221.10
0.59	174.00
0.59	199.50
0.59	183.00
0.59	206.70
0.59	198.30
0.59	238.20
0.59	171.60
0.59	204.60
0.59	197.70
0.59	198.30
0.59	173.70
0.59	182.70
0.59	292.50
0.59	178.80
0.59	217.50
0.59	218.10
0.59	223.20
0.59	248.10
0.59	197.10
0.59	189.90
0.59	181.20
0.59	179.70
0.59	181.50
0.59	241.80
0.59	206.70
0.59	186.60
0.59	234.30
0.59	200.10
0.59	199.50
0.59	237.60
0.59	200.10
0.59	196.20
0.59	186.00
0.59	201.00
0.59	187.20
0.59	193.80
0.59	189.30
0.59	204.90
0.59	214.50
0.59	180.60
0.59	172.80
0.59	307.50
0.59	211.80
0.59	192.60
0.59	183.90
0.59	204.00
0.59	201.30
0.59	180.30
0.59	176.70
0.59	170.40
0.59	192.90
0.59	197.10
0.59	189.00
0.59	176.10
0.59	207.60
0.59	199.80
0.59	181.50
0.59	193.20
0.59	203.70
0.59	218.40
0.59	184.80
0.59	188.10
0.59	184.50
0.59	189.30
0.59	195.60
0.59	183.90
0.59	209.10
0.59	191.70
0.59	218.40
0.59	177.00
0.59	193.80
0.61	186.00
0.61	222.00
0.61	210.90
0.61	215.70
0.61	186.90
0.61	195.00
0.61	176.10
0.61	199.20
0.61	186.30
0.61	213.90
0.61	187.20
0.61	172.20
0.61	200.40
0.61	180.00
0.61	193.50
0.61	222.60
0.61	194.70
0.61	177.00
0.61	206.10
0.61	189.30
0.61	204.30
0.61	200.10
0.61	198.30
0.61	212.70
0.61	225.00
0.61	206.70
0.61	197.70
0.61	188.40
0.61	185.70
0.61	197.10
0.61	178.50
0.61	249.00
0.61	187.50
0.61	198.30
0.61	184.80
0.61	196.20
0.61	219.30
0.61	180.00
0.61	212.70
0.61	176.10
0.61	191.40
0.61	205.80
0.61	220.20
0.61	189.30
0.61	223.50
0.61	196.50
0.61	202.50
0.61	244.20
0.61	192.00
0.61	206.10
0.61	187.20
0.61	198.00
0.61	203.70
0.61	183.90
0.61	232.80
0.61	205.80
0.61	195.60
0.61	188.10
0.61	240.30
0.61	237.90
0.61	192.90
0.61	193.80
0.61	229.50
0.61	206.10
0.61	180.00
0.61	235.20
0.61	181.50
0.61	204.90
0.61	211.50
0.61	180.30
0.61	174.60
0.61	190.80
0.61	210.60
0.61	204.00
0.61	203.40
0.61	179.40
0.61	171.00
0.61	209.10
0.61	189.00
0.61	190.20
0.61	207.00
0.61	176.70
0.61	242.10
0.61	214.20
0.61	225.00
0.61	196.80
0.61	199.50
0.61	222.60
0.61	197.10
0.61	198.30
0.61	180.00
0.61	212.70
0.61	200.10
0.61	175.50
0.61	201.00
0.61	192.30
0.61	181.50
0.61	197.40
0.61	174.90
0.61	218.70
0.63	188.10
0.63	238.80
0.63	195.90
0.63	174.00
0.63	217.80
0.63	197.10
0.63	237.90
0.63	204.30
0.63	213.90
0.63	234.00
0.63	203.10
0.63	196.50
0.63	218.40
0.63	178.50
0.63	184.50
0.63	186.30
0.63	215.70
0.63	187.20
0.63	255.00
0.63	177.60
0.63	238.80
0.63	190.80
0.63	225.60
0.63	219.90
0.63	181.50
0.63	219.00
0.63	177.60
0.63	220.20
0.63	184.50
0.63	191.70
0.63	195.30
0.63	203.70
0.63	198.30
0.63	169.80
0.63	211.80
0.63	195.90
0.63	197.40
0.63	180.60
0.63	209.40
0.63	201.90
0.63	199.80
0.63	195.60
0.63	183.60
0.63	197.70
0.63	197.70
0.63	202.50
0.63	195.90
0.63	196.80
0.63	210.30
0.63	190.80
0.63	187.80
0.63	196.20
0.63	204.00
0.63	178.80
0.63	224.70
0.63	179.10
0.63	183.00
0.63	198.30
0.63	209.70
0.63	175.20
0.63	179.10
0.63	201.30
0.63	330.60
0.63	227.40
0.63	177.60
0.63	191.40
0.63	177.60
0.63	173.40
0.63	199.20
0.63	213.90
0.63	196.20
0.63	183.00
0.63	181.80
0.63	189.30
0.63	191.70
0.63	189.60
0.63	224.40
0.63	213.60
0.63	206.40
0.63	215.40
0.63	231.00
0.63	175.80
0.63	183.60
0.63	247.20
0.63	183.00
0.63	200.40
0.63	233.40
0.63	246.00
0.63	185.40
0.63	181.20
0.63	174.60
0.63	211.20
0.63	218.40
0.63	179.10
0.63	218.10
0.63	179.40
0.63	206.40
0.63	217.50
0.63	194.70
0.63	200.70
0.65	219.00
0.65	197.10
0.65	210.30
0.65	179.70
0.65	178.50
0.65	175.50
0.65	213.60
0.65	183.60
0.65	213.00
0.65	183.90
0.65	185.10
0.65	213.90
0.65	199.80
0.65	208.20
0.65	203.10
0.65	221.10
0.65	222.60
0.65	200.10
0.65	186.90
0.65	188.10
0.65	184.20
0.65	180.30
0.65	183.30
0.65	211.80
0.65	191.40
0.65	194.40
0.65	174.30
0.65	178.80
0.65	310.80
0.65	229.50
0.65	201.30
0.65	181.50
0.65	211.20
0.65	210.00
0.65	231.90
0.65	214.20
0.65	213.30
0.65	181.20
0.65	191.40
0.65	211.80
0.65	218.40
0.65	179.40
0.65	192.00
0.65	169.50
0.65	202.80
0.65	193.20
0.65	214.80
0.65	366.60
0.65	189.90
0.65	185.10
0.65	184.50
0.65	215.70
0.65	184.20
0.65	180.30
0.65	183.00
0.65	181.80
0.65	336.30
0.65	187.50
0.65	203.70
0.65	326.70
0.65	209.70
0.65	197.10
0.65	194.10
0.65	183.90
0.65	182.70
0.65	199.50
0.65	210.60
0.65	241.50
0.65	188.10
0.65	183.60
0.65	192.90
0.65	206.10
0.65	194.10
0.65	202.20
0.65	216.60
0.65	201.60
0.65	196.50
0.65	219.60
0.65	210.90
0.65	198.00
0.65	199.80
0.65	196.50
0.65	196.20
0.65	242.10
0.65	185.40
0.65	195.30
0.65	229.20
0.65	181.50
0.65	183.90
0.65	209.70
0.65	187.80
0.65	174.30
0.65	198.60
0.65	237.90
0.65	195.30
0.65	198.90
0.65	192.30
0.65	196.20
0.65	212.10
0.65	182.70
0.67	185.10
0.67	190.20
0.67	183.00
0.67	193.80
0.67	172.80
0.67	277.50
0.67	204.60
0.67	178.80
0.67	216.00
0.67	197.70
0.67	181.50
0.67	230.40
0.67	212.40
0.67	194.10
0.67	192.00
0.67	237.60
0.67	187.80
0.67	175.50
0.67	184.20
0.67	194.70
0.67	207.90
0.67	176.70
0.67	185.70
0.67	203.10
0.67	190.80
0.67	181.80
0.67	252.90
0.67	204.90
0.67	229.20
0.67	238.50
0.67	196.50
0.67	199.50
0.67	278.10
0.67	198.30
0.67	198.00
0.67	201.90
0.67	186.30
0.67	185.40
0.67	195.60
0.67	183.00
0.67	175.80
0.67	280.80
0.67	183.60
0.67	228.60
0.67	218.10
0.67	222.90
0.67	205.50
0.67	212.10
0.67	207.00
0.67	183.30
0.67	181.20
0.67	216.00
0.67	206.10
0.67	192.90
0.67	200.70
0.67	189.90
0.67	174.00
0.67	194.10
0.67	231.90
0.67	204.30
0.67	181.80
0.67	234.90
0.67	235.20
0.67	188.70
0.67	213.30
0.67	182.10
0.67	207.60
0.67	214.80
0.67	213.00
0.67	188.70
0.67	194.40
0.67	211.50
0.67	190.20
0.67	218.40
0.67	196.80
0.67	184.20
0.67	299.10
0.67	224.70
0.67	214.80
0.67	182.10
0.67	190.50
0.67	200.70
0.67	199.80
0.67	201.30
0.67	205.80
0.67	193.50
0.67	195.00
0.67	223.20
0.67	187.20
0.67	196.50
0.67	205.80
0.67	192.60
0.67	181.80
0.67	216.90
0.67	213.60
0.67	218.10
0.67	192.60
0.67	193.50
0.67	185.10
0.67	207.90
0.69	186.00
0.69	207.60
0.69	219.60
0.69	226.50
0.69	216.90
0.69	182.40
0.69	193.20
0.69	331.80
0.69	215.40
0.69	213.00
0.69	190.50
0.69	180.00
0.69	173.70
0.69	179.10
0.69	231.00
0.69	187.20
0.69	185.70
0.69	184.50
0.69	197.10
0.69	191.40
0.69	186.00
0.69	199.20
0.69	177.60
0.69	204.00
0.69	203.40
0.69	180.30
0.69	182.40
0.69	234.90
0.69	195.30
0.69	179.10
0.69	240.00
0.69	212.70
0.69	221.10
0.69	227.10
0.69	195.00
0.69	186.60
0.69	171.00
0.69	213.90
0.69	191.70
0.69	188.70
0.69	431.10
0.69	219.30
0.69	257.40
0.69	209.10
0.69	229.20
0.69	186.90
0.69	184.20
0.69	189.60
0.69	194.40
0.69	176.10
0.69	204.90
0.69	228.60
0.69	202.80
0.69	195.90
0.69	212.10
0.69	177.60
0.69	229.20
0.69	178.50
0.69	211.50
0.69	183.00
0.69	189.00
0.69	198.00
0.69	322.20
0.69	201.60
0.69	200.40
0.69	184.80
0.69	185.40
0.69	197.70
0.69	203.70
0.69	275.10
0.69	197.10
0.69	189.30
0.69	186.60
0.69	198.60
0.69	191.40
0.69	198.90
0.69	237.30
0.69	207.30
0.69	219.60
0.69	198.60
0.69	272.40
0.69	210.00
0.69	380.70
0.69	204.60
0.69	184.80
0.69	177.60
0.69	221.40
0.69	194.10
0.69	188.10
0.69	186.30
0.69	188.10
0.69	177.00
0.69	201.00
0.69	178.80
0.69	222.90
0.69	189.90
0.69	205.80
0.69	186.90
0.69	203.70
0.69	190.20
0.71	200.40
0.71	177.00
0.71	189.30
0.71	243.30
0.71	199.50
0.71	191.10
0.71	206.70
0.71	201.90
0.71	259.50
0.71	231.60
0.71	222.60
0.71	216.90
0.71	183.90
0.71	233.40
0.71	247.50
0.71	188.10
0.71	223.20
0.71	213.90
0.71	194.10
0.71	212.10
0.71	251.70
0.71	226.20
0.71	194.10
0.71	245.70
0.71	174.00
0.71	214.50
0.71	205.50
0.71	264.30
0.71	201.60
0.71	179.40
0.71	250.80
0.71	205.50
0.71	218.40
0.71	190.20
0.71	232.50
0.71	205.50
0.71	192.60
0.71	211.50
0.71	221.10
0.71	185.10
0.71	198.30
0.71	207.60
0.71	193.50
0.71	211.50
0.71	247.20
0.71	222.90
0.71	237.30
0.71	207.90
0.71	174.00
0.71	186.90
0.71	214.50
0.71	253.50
0.71	180.90
0.71	182.70
0.71	190.80
0.71	205.20
0.71	197.70
0.71	185.10
0.71	171.00
0.71	186.90
0.71	219.00
0.71	176.70
0.71	182.70
0.71	174.90
0.71	198.90
0.71	194.40
0.71	190.50
0.71	197.40
0.71	189.90
0.71	207.90
0.71	222.00
0.71	189.60
0.71	220.20
0.71	212.40
0.71	219.90
0.71	184.80
0.71	198.90
0.71	181.50
0.71	191.70
0.71	201.60
0.71	179.10
0.71	202.80
0.71	205.80
0.71	191.10
0.71	228.90
0.71	179.40
0.71	213.00
0.71	201.00
0.71	391.20
0.71	196.80
0.71	191.10
0.71	196.20
0.71	197.40
0.71	176.40
0.71	181.80
0.71	213.30
0.71	213.30
0.71	205.80
0.71	218.40
0.71	207.00
0.73	218.10
0.73	183.60
0.73	210.60
0.73	228.00
0.73	197.10
0.73	229.50
0.73	189.30
0.73	181.50
0.73	243.90
0.73	215.40
0.73	199.80
0.73	196.80
0.73	197.40
0.73	178.20
0.73	207.30
0.73	220.80
0.73	200.40
0.73	214.50
0.73	202.80
0.73	186.60
0.73	206.40
0.73	204.60
0.73	198.00
0.73	192.00
0.73	216.00
0.73	199.20
0.73	187.20
0.73	214.80
0.73	193.80
0.73	186.00
0.73	207.90
0.73	192.90
0.73	202.50
0.73	183.90
0.73	187.50
0.73	190.80
0.73	212.40
0.73	182.40
0.73	171.00
0.73	252.60
0.73	178.80
0.73	188.40
0.73	212.40
0.73	217.50
0.73	195.00
0.73	193.50
0.73	194.70
0.73	187.80
0.73	230.70
0.73	181.80
0.73	184.20
0.73	192.30
0.73	184.20
0.73	193.50
0.73	184.50
0.73	240.60
0.73	197.70
0.73	210.60
0.73	188.10
0.73	198.90
0.73	201.90
0.73	198.90
0.73	220.20
0.73	207.00
0.73	184.80
0.73	237.00
0.73	172.80
0.73	196.20
0.73	201.90
0.73	183.60
0.73	170.70
0.73	195.60
0.73	225.00
0.73	179.40
0.73	201.00
0.73	198.60
0.73	195.30
0.73	207.00
0.73	213.90
0.73	175.50
0.73	201.00
0.73	177.60
0.73	203.70
0.73	207.00
0.73	186.00
0.73	195.30
0.73	211.80
0.73	181.80
0.73	207.90
0.73	187.20
0.73	215.40
0.73	181.50
0.73	197.70
0.73	201.60
0.73	202.50
0.73	230.40
0.73	254.10
0.73	239.70
0.73	196.20
0.73	209.40
0.75	248.70
0.75	192.00
0.75	188.40
0.75	186.90
0.75	195.90
0.75	214.80
0.75	192.90
0.75	209.70
0.75	197.70
0.75	204.30
0.75	182.40
0.75	172.20
0.75	182.70
0.75	203.70
0.75	218.40
0.75	315.30
0.75	207.90
0.75	211.80
0.75	197.70
0.75	196.20
0.75	231.90
0.75	189.90
0.75	190.80
0.75	200.40
0.75	229.20
0.75	191.10
0.75	219.00
0.75	227.10
0.75	205.80
0.75	219.90
0.75	180.00
0.75	201.30
0.75	179.70
0.75	186.00
0.75	197.70
0.75	195.00
0.75	258.90
0.75	216.00
0.75	211.80
0.75	209.40
0.75	186.60
0.75	203.10
0.75	219.30
0.75	229.50
0.75	208.20
0.75	195.60
0.75	219.90
0.75	190.80
0.75	218.10
0.75	202.80
0.75	189.00
0.75	214.80
0.75	198.30
0.75	181.80
0.75	193.50
0.75	215.10
0.75	196.80
0.75	203.70
0.75	207.60
0.75	187.20
0.75	195.30
0.75	199.20
0.75	181.50
0.75	252.60
0.75	229.80
0.75	261.60
0.75	228.30
0.75	187.20
0.75	220.80
0.75	225.90
0.75	193.20
0.75	279.90
0.75	220.20
0.75	211.20
0.75	206.70
0.75	274.20
0.75	224.70
0.75	187.80
0.75	201.90
0.75	181.50
0.75	222.00
0.75	200.40
0.75	171.00
0.75	300.30
0.75	191.70
0.75	186.90
0.75	228.00
0.75	212.10
0.75	214.80
0.75	178.50
0.75	193.20
0.75	259.50
0.75	192.30
0.75	183.60
0.75	194.70
0.75	176.10
0.75	169.20
0.75	192.60
0.75	226.50
0.75	206.10
0.77	220.80
0.77	339.60
0.77	219.00
0.77	194.70
0.77	192.00
0.77	180.60
0.77	213.30
0.77	209.70
0.77	206.40
0.77	184.20
0.77	190.80
0.77	196.20
0.77	180.00
0.77	217.80
0.77	185.40
0.77	189.00
0.77	222.90
0.77	177.30
0.77	207.00
0.77	239.70
0.77	201.90
0.77	198.30
0.77	180.30
0.77	171.30
0.77	174.90
0.77	245.10
0.77	212.70
0.77	192.00
0.77	197.40
0.77	222.90
0.77	234.60
0.77	183.00
0.77	221.10
0.77	192.30
0.77	208.20
0.77	191.10
0.77	178.20
0.77	205.50
0.77	216.00
0.77	186.90
0.77	184.80
0.77	231.00
0.77	193.50
0.77	214.80
0.77	190.20
0.77	178.50
0.77	229.80
0.77	183.00
0.77	182.10
0.77	179.40
0.77	195.30
0.77	248.10
0.77	198.30
0.77	184.50
0.77	193.20
0.77	181.80
0.77	216.60
0.77	193.50
0.77	177.60
0.77	200.40
0.77	187.80
0.77	220.80
0.77	208.80
0.77	210.90
0.77	195.30
0.77	178.80
0.77	200.40
0.77	191.70
0.77	207.60
0.77	188.10
0.77	204.90
0.77	172.80
0.77	202.80
0.77	252.90
0.77	199.80
0.77	178.50
0.77	223.50
0.77	187.20
0.77	201.90
0.77	198.00
0.77	208.80
0.77	193.50
0.77	197.40
0.77	184.50
0.77	178.20
0.77	189.90
0.77	197.40
0.77	229.20
0.77	202.50
0.77	209.40
0.77	210.00
0.77	203.10
0.77	195.30
0.77	209.10
0.77	216.90
0.77	193.80
0.77	292.20
0.77	189.30
0.77	241.80
0.77	218.70
0.79	241.50
0.79	239.40
0.79	177.60
0.79	219.30
0.79	182.10
0.79	186.60
0.79	373.50
0.79	219.00
0.79	245.70
0.79	181.80
0.79	178.50
0.79	201.30
0.79	187.20
0.79	196.80
0.79	212.70
0.79	203.10
0.79	204.60
0.79	209.40
0.79	337.50
0.79	245.40
0.79	202.20
0.79	201.00
0.79	232.80
0.79	200.70
0.79	200.10
0.79	189.60
0.79	190.20
0.79	197.70
0.79	218.70
0.79	180.00
0.79	192.60
0.79	202.80
0.79	251.70
0.79	202.80
0.79	201.30
0.79	185.10
0.79	218.70
0.79	214.20
0.79	184.80
0.79	224.40
0.79	204.60
0.79	183.30
0.79	188.40
0.79	216.60
0.79	183.00
0.79	197.70
0.79	222.60
0.79	192.00
0.79	173.40
0.79	253.80
0.79	202.80
0.79	191.70
0.79	196.50
0.79	231.30
0.79	207.60
0.79	184.80
0.79	197.70
0.79	206.70
0.79	214.50
0.79	265.80
0.79	214.50
0.79	229.20
0.79	207.00
0.79	184.50
0.79	198.60
0.79	227.10
0.79	194.70
0.79	242.40
0.79	216.30
0.79	216.60
0.79	200.40
0.79	217.50
0.79	191.70
0.79	211.20
0.79	228.30
0.79	194.10
0.79	219.00
0.79	210.60
0.79	192.30
0.79	195.90
0.79	210.00
0.79	204.30
0.79	211.80
0.79	205.20
0.79	179.10
0.79	196.80
0.79	186.60
0.79	225.00
0.79	277.50
0.79	258.30
0.79	265.20
0.79	207.30
0.79	263.70
0.79	209.10
0.79	184.50
0.79	196.50
0.79	208.80
0.79	177.30
0.79	201.30
0.79	192.00
0.81	194.10
0.81	188.10
0.81	230.10
0.81	211.50
0.81	221.10
0.81	204.90
0.81	190.80
0.81	209.70
0.81	192.60
0.81	187.20
0.81	253.20
0.81	206.40
0.81	204.00
0.81	195.00
0.81	226.80
0.81	247.50
0.81	192.90
0.81	225.90
0.81	202.80
0.81	243.00
0.81	183.60
0.81	254.10
0.81	195.00
0.81	184.20
0.81	190.80
0.81	183.60
0.81	264.00
0.81	203.70
0.81	252.00
0.81	224.10
0.81	198.30
0.81	199.20
0.81	188.70
0.81	205.80
0.81	190.50
0.81	230.40
0.81	183.90
0.81	189.90
0.81	201.30
0.81	273.90
0.81	201.90
0.81	203.70
0.81	184.80
0.81	243.60
0.81	179.70
0.81	278.40
0.81	202.50
0.81	183.90
0.81	225.60
0.81	220.50
0.81	224.70
0.81	181.80
0.81	204.60
0.81	239.70
0.81	220.50
0.81	172.20
0.81	241.20
0.81	200.70
0.81	179.40
0.81	204.00
0.81	259.50
0.81	206.40
0.81	223.80
0.81	172.80
0.81	176.70
0.81	242.40
0.81	210.60
0.81	204.60
0.81	216.30
0.81	209.70
0.81	169.50
0.81	254.10
0.81	195.30
0.81	222.60
0.81	182.70
0.81	204.60
0.81	199.20
0.81	220.50
0.81	212.10
0.81	243.00
0.81	217.50
0.81	236.10
0.81	202.50
0.81	198.60
0.81	185.40
0.81	204.00
0.81	204.60
0.81	224.10
0.81	196.80
0.81	191.70
0.81	320.70
0.81	204.60
0.81	186.30
0.81	187.50
0.81	236.10
0.81	199.50
0.81	224.10
0.81	189.60
0.81	182.40
0.81	219.30
0.83	198.30
0.83	250.50
0.83	193.80
0.83	202.80
0.83	190.20
0.83	186.00
0.83	215.10
0.83	195.30
0.83	187.50
0.83	205.80
0.83	202.80
0.83	216.00
0.83	276.00
0.83	184.50
0.83	198.30
0.83	225.00
0.83	196.50
0.83	192.60
0.83	248.40
0.83	193.50
0.83	204.60
0.83	205.20
0.83	200.70
0.83	187.80
0.83	197.10
0.83	193.20
0.83	201.90
0.83	198.90
0.83	198.60
0.83	200.40
0.83	195.00
0.83	207.90
0.83	200.70
0.83	237.00
0.83	186.30
0.83	196.80
0.83	194.70
0.83	206.10
0.83	211.20
0.83	189.60
0.83	209.70
0.83	205.20
0.83	233.40
0.83	171.30
0.83	192.60
0.83	198.00
0.83	203.40
0.83	190.20
0.83	189.30
0.83	194.70
0.83	199.50
0.83	197.70
0.83	210.60
0.83	194.70
0.83	243.00
0.83	179.70
0.83	176.40
0.83	212.10
0.83	224.10
0.83	200.70
0.83	212.70
0.83	200.40
0.83	228.60
0.83	230.10
0.83	187.80
0.83	193.20
0.83	226.20
0.83	202.50
0.83	206.40
0.83	228.60
0.83	201.30
0.83	205.20
0.83	180.00
0.83	175.50
0.83	190.80
0.83	199.80
0.83	375.30
0.83	209.10
0.83	176.10
0.83	177.90
0.83	186.30
0.83	182.70
0.83	237.30
0.83	192.90
0.83	235.50
0.83	188.70
0.83	220.20
0.83	208.20
0.83	232.80
0.83	185.10
0.83	184.80
0.83	204.60
0.83	218.10
0.83	219.00
0.83	186.90
0.83	223.20
0.83	194.70
0.83	197.10
0.83	191.10
0.83	195.90
0.85	189.30
0.85	235.80
0.85	199.50
0.85	194.40
0.85	210.00
0.85	195.60
0.85	208.20
0.85	186.60
0.85	210.60
0.85	201.00
0.85	190.20
0.85	197.10
0.85	181.20
0.85	193.20
0.85	194.10
0.85	188.40
0.85	216.00
0.85	212.10
0.85	189.30
0.85	209.70
0.85	216.30
0.85	225.00
0.85	191.40
0.85	204.00
0.85	221.70
0.85	257.10
0.85	236.10
0.85	225.30
0.85	194.70
0.85	207.90
0.85	256.20
0.85	209.70
0.85	238.50
0.85	220.20
0.85	231.60
0.85	210.00
0.85	242.70
0.85	222.60
0.85	171.60
0.85	199.50
0.85	185.10
0.85	177.60
0.85	184.50
0.85	204.00
0.85	193.50
0.85	210.30
0.85	236.70
0.85	187.80
0.85	182.70
0.85	195.60
0.85	221.70
0.85	183.00
0.85	185.10
0.85	210.60
0.85	204.90
0.85	182.40
0.85	203.70
0.85	200.40
0.85	204.00
0.85	174.90
0.85	242.40
0.85	188.40
0.85	195.30
0.85	188.10
0.85	214.80
0.85	209.10
0.85	192.30
0.85	199.50
0.85	190.20
0.85	183.30
0.85	191.70
0.85	200.10
0.85	184.80
0.85	189.60
0.85	217.80
0.85	206.40
0.85	203.10
0.85	198.30
0.85	175.80
0.85	180.60
0.85	191.40
0.85	194.40
0.85	221.10
0.85	226.20
0.85	189.00
0.85	218.10
0.85	210.90
0.85	182.40
0.85	187.20
0.85	231.30
0.85	198.00
0.85	202.50
0.85	189.30
0.85	190.80
0.85	201.90
0.85	202.80
0.85	234.30
0.85	223.20
0.85	199.20
0.85	182.10
0.87	223.80
0.87	203.70
0.87	174.30
0.87	231.90
0.87	212.40
0.87	256.50
0.87	251.70
0.87	227.10
0.87	179.40
0.87	190.20
0.87	201.30
0.87	196.20
0.87	202.50
0.87	195.60
0.87	233.40
0.87	198.90
0.87	208.50
0.87	194.40
0.87	195.00
0.87	216.30
0.87	186.30
0.87	208.50
0.87	193.20
0.87	210.60
0.87	206.70
0.87	182.70
0.87	204.60
0.87	201.30
0.87	207.90
0.87	186.30
0.87	177.60
0.87	189.60
0.87	225.30
0.87	209.40
0.87	193.80
0.87	189.60
0.87	224.40
0.87	216.00
0.87	180.90
0.87	185.70
0.87	389.10
0.87	248.40
0.87	201.00
0.87	206.70
0.87	201.90
0.87	213.90
0.87	254.70
0.87	225.60
0.87	204.00
0.87	190.80
0.87	210.30
0.87	198.60
0.87	224.10
0.87	206.70
0.87	194.70
0.87	193.50
0.87	229.50
0.87	172.80
0.87	189.30
0.87	195.30
0.87	218.40
0.87	202.80
0.87	181.50
0.87	172.50
0.87	229.20
0.87	191.40
0.87	231.30
0.87	198.30
0.87	211.80
0.87	192.90
0.87	247.50
0.87	218.10
0.87	295.50
0.87	207.30
0.87	187.20
0.87	193.80
0.87	226.20
0.87	210.30
0.87	188.70
0.87	192.90
0.87	209.40
0.87	310.20
0.87	182.40
0.87	240.60
0.87	178.50
0.87	197.40
0.87	173.40
0.87	233.10
0.87	197.10
0.87	207.90
0.87	191.70
0.87	222.90
0.87	217.50
0.87	190.80
0.87	209.10
0.87	215.40
0.87	187.50
0.87	178.80
0.87	226.20
0.87	189.90
0.89	173.40
0.89	229.80
0.89	203.10
0.89	192.90
0.89	187.50
0.89	212.10
0.89	214.80
0.89	192.60
0.89	254.40
0.89	179.10
0.89	194.40
0.89	203.40
0.89	183.00
0.89	210.30
0.89	192.60
0.89	218.70
0.89	233.40
0.89	207.30
0.89	189.30
0.89	223.80
0.89	224.40
0.89	181.50
0.89	184.50
0.89	196.50
0.89	194.10
0.89	189.90
0.89	218.40
0.89	204.90
0.89	219.90
0.89	187.20
0.89	187.80
0.89	253.50
0.89	229.80
0.89	198.90
0.89	187.50
0.89	201.30
0.89	243.00
0.89	207.30
0.89	198.60
0.89	210.90
0.89	228.90
0.89	194.40
0.89	221.70
0.89	218.70
0.89	228.60
0.89	217.80
0.89	224.70
0.89	208.20
0.89	205.80
0.89	233.40
0.89	201.30
0.89	169.50
0.89	214.20
0.89	199.80
0.89	226.50
0.89	210.60
0.89	198.30
0.89	183.00
0.89	225.00
0.89	222.90
0.89	200.40
0.89	216.30
0.89	209.10
0.89	187.80
0.89	194.10
0.89	369.90
0.89	258.00
0.89	200.40
0.89	201.60
0.89	214.20
0.89	199.50
0.89	188.10
0.89	191.70
0.89	238.20
0.89	199.80
0.89	206.40
0.89	189.00
0.89	196.50
0.89	205.80
0.89	186.90
0.89	198.00
0.89	236.40
0.89	237.90
0.89	198.60
0.89	189.60
0.89	195.00
0.89	212.40
0.89	201.00
0.89	194.40
0.89	231.00
0.89	211.50
0.89	217.80
0.89	240.00
0.89	233.40
0.89	191.40
0.89	204.30
0.89	194.10
0.89	168.60
0.89	231.90
0.89	205.50
0.91	201.00
0.91	192.90
0.91	183.30
0.91	211.80
0.91	205.20
0.91	185.70
0.91	206.70
0.91	216.60
0.91	225.90
0.91	216.60
0.91	222.60
0.91	195.90
0.91	183.30
0.91	211.50
0.91	247.80
0.91	183.60
0.91	197.70
0.91	182.10
0.91	212.40
0.91	270.60
0.91	183.90
0.91	197.40
0.91	198.90
0.91	242.40
0.91	219.00
0.91	188.70
0.91	214.50
0.91	238.20
0.91	204.90
0.91	187.80
0.91	184.80
0.91	233.10
0.91	235.50
0.91	222.60
0.91	218.40
0.91	207.90
0.91	221.10
0.91	220.20
0.91	193.20
0.91	199.50
0.91	200.70
0.91	200.40
0.91	225.30
0.91	198.60
0.91	178.20
0.91	217.80
0.91	192.00
0.91	180.30
0.91	207.60
0.91	195.00
0.91	185.40
0.91	212.70
0.91	201.90
0.91	233.40
0.91	201.90
0.91	198.60
0.91	216.60
0.91	183.90
0.91	187.50
0.91	201.90
0.91	201.60
0.91	185.70
0.91	196.80
0.91	189.00
0.91	204.30
0.91	196.80
0.91	180.60
0.91	189.30
0.91	197.40
0.91	186.30
0.91	174.90
0.91	190.80
0.91	193.20
0.91	196.80
0.91	192.90
0.91	182.40
0.91	224.70
0.91	189.90
0.91	250.20
0.91	190.20
0.91	223.20
0.91	206.10
0.91	227.10
0.91	197.10
0.91	200.10
0.91	192.90
0.91	208.20
0.91	184.80
0.91	227.70
0.91	178.50
0.91	206.10
0.91	201.60
0.91	188.40
0.91	176.40
0.91	190.80
0.91	206.40
0.91	200.10
0.91	363.30
0.91	205.80
0.91	204.90
0.93	197.10
0.93	225.60
0.93	188.10
0.93	197.10
0.93	228.60
0.93	177.90
0.93	212.70
0.93	180.00
0.93	198.00
0.93	236.10
0.93	231.00
0.93	208.20
0.93	208.50
0.93	188.40
0.93	179.10
0.93	219.90
0.93	191.70
0.93	199.80
0.93	181.20
0.93	191.40
0.93	211.80
0.93	197.10
0.93	249.30
0.93	207.00
0.93	206.40
0.93	207.60
0.93	273.90
0.93	208.20
0.93	205.80
0.93	188.70
0.93	195.60
0.93	198.30
0.93	212.70
0.93	226.80
0.93	189.90
0.93	242.40
0.93	186.60
0.93	234.30
0.93	242.70
0.93	210.60
0.93	269.70
0.93	200.10
0.93	222.60
0.93	208.80
0.93	207.00
0.93	218.70
0.93	252.90
0.93	179.40
0.93	230.10
0.93	222.00
0.93	229.20
0.93	177.60
0.93	216.00
0.93	218.40
0.93	214.80
0.93	190.20
0.93	198.60
0.93	206.10
0.93	214.50
0.93	228.60
0.93	264.60
0.93	196.20
0.93	212.10
0.93	204.60
0.93	197.10
0.93	186.60
0.93	205.50
0.93	180.60
0.93	203.40
0.93	180.90
0.93	198.60
0.93	197.70
0.93	205.80
0.93	228.00
0.93	253.50
0.93	198.00
0.93	181.20
0.93	212.70
0.93	231.00
0.93	194.10
0.93	222.00
0.93	206.70
0.93	194.10
0.93	198.30
0.93	197.40
0.93	208.20
0.93	181.20
0.93	216.00
0.93	229.80
0.93	218.70
0.93	207.90
0.93	216.90
0.93	269.70
0.93	186.30
0.93	203.10
0.93	184.80
0.93	204.00
0.93	197.40
0.93	191.10
0.93	181.50
0.95	175.80
0.95	238.80
0.95	243.30
0.95	192.60
0.95	193.50
0.95	226.50
0.95	214.50
0.95	172.20
0.95	188.40
0.95	200.70
0.95	188.70
0.95	200.40
0.95	191.10
0.95	191.40
0.95	197.40
0.95	192.90
0.95	225.30
0.95	201.00
0.95	227.40
0.95	226.20
0.95	219.60
0.95	236.40
0.95	233.40
0.95	242.10
0.95	209.10
0.95	200.40
0.95	219.00
0.95	214.20
0.95	181.20
0.95	217.20
0.95	194.10
0.95	198.90
0.95	233.70
0.95	190.50
0.95	198.60
0.95	208.80
0.95	193.50
0.95	234.30
0.95	222.30
0.95	210.90
0.95	188.70
0.95	190.80
0.95	234.90
0.95	217.20
0.95	188.40
0.95	195.00
0.95	210.90
0.95	219.60
0.95	187.50
0.95	215.10
0.95	224.40
0.95	199.20
0.95	246.00
0.95	178.80
0.95	244.80
0.95	208.50
0.95	246.30
0.95	189.60
0.95	200.10
0.95	211.50
0.95	219.90
0.95	213.30
0.95	201.00
0.95	182.40
0.95	182.70
0.95	231.90
0.95	195.60
0.95	178.20
0.95	175.80
0.95	204.60
0.95	201.60
0.95	231.30
0.95	172.50
0.95	186.60
0.95	229.20
0.95	198.30
0.95	197.10
0.95	171.00
0.95	220.50
0.95	191.70
0.95	209.10
0.95	233.40
0.95	227.70
0.95	208.50
0.95	206.40
0.95	196.50
0.95	195.30
0.95	231.60
0.95	183.90
0.95	185.70
0.95	207.60
0.95	200.40
0.95	184.80
0.95	239.70
0.95	179.40
0.95	219.90
0.95	192.90
0.95	180.60
0.95	191.70
0.95	234.90
0.97	193.80
0.97	244.20
0.97	223.20
0.97	177.90
0.97	197.70
0.97	208.50
0.97	269.40
0.97	223.20
0.97	240.30
0.97	198.00
0.97	220.80
0.97	188.40
0.97	210.60
0.97	214.50
0.97	180.90
0.97	209.10
0.97	193.50
0.97	192.60
0.97	198.00
0.97	213.30
0.97	172.80
0.97	197.70
0.97	197.40
0.97	232.50
0.97	201.00
0.97	239.10
0.97	207.90
0.97	186.60
0.97	204.30
0.97	213.90
0.97	195.00
0.97	230.10
0.97	209.10
0.97	204.30
0.97	179.40
0.97	207.00
0.97	185.70
0.97	231.60
0.97	297.60
0.97	215.70
0.97	200.40
0.97	204.30
0.97	244.50
0.97	191.70
0.97	200.70
0.97	186.30
0.97	202.80
0.97	183.30
0.97	195.30
0.97	178.80
0.97	204.00
0.97	250.20
0.97	215.40
0.97	188.70
0.97	186.30
0.97	212.10
0.97	195.00
0.97	222.60
0.97	197.10
0.97	248.70
0.97	183.00
0.97	189.00
0.97	218.10
0.97	200.70
0.97	208.50
0.97	229.50
0.97	201.30
0.97	206.70
0.97	179.40
0.97	226.80
0.97	216.90
0.97	225.00
0.97	212.70
0.97	198.90
0.97	205.80
0.97	185.10
0.97	232.50
0.97	200.10
0.97	213.30
0.97	211.50
0.97	263.70
0.97	206.40
0.97	223.50
0.97	230.70
0.97	247.50
0.97	225.90
0.97	205.80
0.97	219.60
0.97	206.10
0.97	215.70
0.97	197.10
0.97	227.70
0.97	195.00
0.97	213.30
0.97	189.90
0.97	211.20
0.97	211.50
0.97	177.00
0.97	185.40
0.97	243.90
0.99	212.40
0.99	214.80
0.99	215.40
0.99	192.90
0.99	188.70
0.99	184.50
0.99	173.70
0.99	204.00
0.99	209.10
0.99	212.40
0.99	203.70
0.99	192.30
0.99	225.00
0.99	176.10
0.99	196.50
0.99	202.80
0.99	208.80
0.99	207.60
0.99	233.70
0.99	187.50
0.99	198.30
0.99	242.40
0.99	204.60
0.99	183.90
0.99	298.50
0.99	214.50
0.99	202.50
0.99	264.60
0.99	186.90
0.99	210.60
0.99	186.90
0.99	178.20
0.99	196.50
0.99	194.40
0.99	210.00
0.99	215.70
0.99	202.20
0.99	239.10
0.99	187.20
0.99	255.30
0.99	210.30
0.99	221.70
0.99	201.60
0.99	222.60
0.99	282.00
0.99	272.10
0.99	219.30
0.99	237.00
0.99	192.30
0.99	171.30
0.99	199.80
0.99	197.40
0.99	204.60
0.99	423.00
0.99	257.10
0.99	172.20
0.99	213.60
0.99	193.80
0.99	224.10
0.99	196.20
0.99	194.40
0.99	192.60
0.99	198.90
0.99	192.90
0.99	196.20
0.99	175.80
0.99	196.80
0.99	208.80
0.99	182.70
0.99	178.50
0.99	212.40
0.99	206.40
0.99	184.50
0.99	198.30
0.99	193.50
0.99	219.60
0.99	222.00
0.99	194.40
0.99	209.70
0.99	190.50
0.99	216.00
0.99	210.30
0.99	232.20
0.99	215.10
0.99	207.00
0.99	202.50
0.99	203.40
0.99	192.60
0.99	204.90
0.99	210.30
0.99	248.70
0.99	182.70
0.99	186.90
0.99	212.70
0.99	239.10
0.99	224.10
0.99	217.20
0.99	199.50
0.99	223.50
0.99	210.60
